"iter","time","dist","maxviolation","meanviolation","cost","maxabsLagMult","KKT_residual",
0,0,NaN,2.3183e-09,1.2431e-10,4.6993e-18,2.3183e-08,2.5981e-08,
1,0.0057308,0,2.3183e-09,1.2431e-10,4.6993e-18,2.3183e-08,2.5981e-08,
2,0.010325,0,2.3183e-09,1.2431e-10,4.6993e-18,3.4028e-08,3.6898e-08,
3,0.015358,0,2.3183e-09,1.2431e-10,4.6993e-18,4.9946e-08,5.2964e-08,
4,0.019886,0,2.3183e-09,1.2431e-10,4.6993e-18,7.331e-08,7.6574e-08,
5,0.024628,0,2.3183e-09,1.2431e-10,4.6993e-18,1.0761e-07,1.1125e-07,
6,0.029289,0,2.3183e-09,1.2431e-10,4.6993e-18,1.5794e-07,1.6216e-07,
7,0.033825,0,2.3183e-09,1.2431e-10,4.6993e-18,2.3183e-07,2.369e-07,
8,0.038339,0,2.3183e-09,1.2431e-10,4.6993e-18,3.4028e-07,3.4661e-07,
9,0.051182,0,9.0608e-10,6.1631e-11,1.1544e-18,1.9521e-07,2.8593e-07,
10,0.066226,3.966e-09,2.9363e-10,8.1737e-12,4.6942e-20,9.2854e-08,5.9117e-08,
11,0.078393,1.576e-09,9.9384e-11,3.8036e-12,6.0597e-21,4.613e-08,3.3817e-08,
12,0.093729,6.7721e-10,2.1041e-11,9.8219e-13,4.4252e-22,1.4335e-08,2.0174e-08,
13,0.11071,1.6997e-10,1.4061e-13,4.0806e-15,1.0425e-26,1.4061e-10,9.0248e-11,
14,0.11535,2.9933e-11,1.4061e-13,4.0806e-15,1.0425e-26,2.0639e-10,1.3242e-10,
15,0.12028,0,1.4061e-13,4.0806e-15,1.0425e-26,3.0293e-10,1.9433e-10,
16,0.1249,0,1.4061e-13,4.0806e-15,1.0425e-26,4.4465e-10,2.8519e-10,
17,0.13867,0,1.1099e-12,6.4233e-14,1.2191e-24,5.1517e-09,6.1682e-09,
18,0.15643,2.041e-12,1.0331e-13,6.7679e-15,1.2488e-26,7.0382e-10,9.4344e-10,
19,0.17305,1.9627e-12,3.143e-13,1.2077e-14,6.7058e-26,3.143e-09,2.7523e-09,
20,0.18981,6.6766e-13,6.7246e-13,3.3631e-14,3.6677e-25,9.8704e-09,9.4658e-09,
21,0.20966,1.6848e-12,9.3203e-14,4.4464e-15,8.4175e-27,2.008e-09,2.7716e-09,
22,0.2279,1.1977e-12,1.3656e-14,4.0967e-16,1.03e-28,4.3183e-10,2.7809e-10,
23,0.24466,1.3638e-13,1.2113e-13,4.7173e-15,1.089e-26,5.6221e-09,6.3095e-09,
24,0.26438,1.7355e-13,4.2688e-14,1.3278e-15,1.0073e-27,2.9083e-09,2.8211e-09,
25,0.28644,1.8442e-13,6.9944e-15,2.4869e-16,3.3378e-29,6.9944e-10,7.7267e-10,
26,0.30619,5.2139e-14,6.1617e-15,1.7208e-16,2.0218e-29,9.0442e-10,8.6231e-10,
27,0.32758,1.2199e-14,6.5503e-15,2.5979e-16,3.1484e-29,1.4112e-09,1.5731e-09,
28,0.34813,1.2682e-14,6.4948e-15,2.3592e-16,2.6714e-29,2.0538e-09,2.054e-09,
29,0.36989,1.4602e-14,7.7716e-15,4.6019e-16,7.2688e-29,3.6072e-09,4.5569e-09,
30,0.39244,2.2314e-14,3.5527e-15,1.0381e-16,6.9045e-30,2.4204e-09,2.3654e-09,
31,0.41548,2.1046e-14,7.7716e-16,3.2752e-17,4.3179e-31,7.7716e-10,8.9507e-10,
32,0.43679,4.5847e-15,1.2768e-15,4.1078e-17,9.2175e-31,1.2768e-09,1.2986e-09,
33,0.45907,1.8909e-15,4.4409e-16,2.72e-17,2.2225e-31,4.4409e-10,5.8438e-10,
34,0.47967,2.1426e-15,6.6613e-16,2.6645e-17,3.0237e-31,6.6613e-10,6.2731e-10,
35,0.50033,1.8928e-15,3.4972e-15,1.6986e-16,1.0525e-29,3.4972e-09,4.0771e-09,
36,0.52338,7.2912e-15,3.3307e-16,2.3315e-17,1.4945e-31,3.3307e-10,4.5967e-10,
37,0.54396,5.9869e-15,1.4433e-15,6.2172e-17,1.5192e-30,1.4433e-09,1.5568e-09,
38,0.56605,3.0101e-15,8.8818e-16,5.8842e-17,9.5064e-31,8.8818e-10,1.2174e-09,
39,0.58754,3.4971e-15,1.8874e-15,8.2157e-17,2.6963e-30,1.8874e-09,2.0089e-09,
40,0.60969,4.6656e-15,1.4433e-15,8.4377e-17,2.2171e-30,1.4433e-09,1.9992e-09,
41,0.63175,4.8526e-15,1.1102e-15,3.7192e-17,6.9526e-31,1.1102e-09,1.0508e-09,
42,0.6528,3.7093e-15,1.2768e-15,1.0214e-16,2.6732e-30,1.2768e-09,1.9968e-09,
43,0.67482,3.9395e-15,6.6613e-16,4.885e-17,6.6599e-31,6.6613e-10,1.0604e-09,
44,0.6975,3.8182e-15,1.9984e-15,1.0547e-16,3.5976e-30,1.9984e-09,2.4188e-09,
45,0.71981,4.1318e-15,1.4433e-15,7.8826e-17,2.0738e-30,1.4433e-09,1.8787e-09,
46,0.74272,5.0747e-15,1.5543e-15,8.1046e-17,2.3466e-30,1.5543e-09,2.0326e-09,
47,0.76477,4.3601e-15,1.2212e-15,6.8834e-17,1.5997e-30,1.2212e-09,1.6952e-09,
48,0.78757,3.8606e-15,1.5543e-15,6.8834e-17,1.9182e-30,1.5543e-09,1.7984e-09,
49,0.80971,3.8526e-15,1.1102e-15,7.383e-17,1.6783e-30,1.1102e-09,1.796e-09,
50,0.8324,3.7819e-15,1.4433e-15,5.7732e-17,1.4298e-30,1.4433e-09,1.5602e-09,
51,0.85402,3.6772e-15,2.1649e-15,1.4211e-16,6.2832e-30,2.1649e-09,3.439e-09,
52,0.87731,5.4696e-15,9.992e-16,4.6629e-17,7.9849e-31,9.992e-10,1.1725e-09,
53,0.89885,4.9018e-15,1.6653e-15,9.992e-17,3.2448e-30,1.6653e-09,2.4386e-09,
54,0.92406,4.013e-15,2.2204e-15,1.0103e-16,3.989e-30,2.2204e-09,2.6283e-09,
55,0.94967,5.5506e-15,1.6653e-15,8.7708e-17,2.632e-30,1.6653e-09,2.1752e-09,
56,0.97322,5.4883e-15,1.5543e-15,7.9936e-17,2.3284e-30,1.5543e-09,2.035e-09,
57,0.99762,4.5643e-15,1.2212e-15,7.1609e-17,1.686e-30,1.2212e-09,1.7284e-09,
58,1.0206,3.9107e-15,1.4433e-15,5.6621e-17,1.4086e-30,1.4433e-09,1.5278e-09,
59,1.0424,3.8334e-15,2.276e-15,1.4433e-16,6.7716e-30,2.276e-09,3.5468e-09,
60,1.0656,5.5485e-15,6.6613e-16,3.5527e-17,5.3926e-31,6.6613e-10,9.0488e-10,
61,1.0874,4.8387e-15,1.2212e-15,6.3283e-17,1.3512e-30,1.2212e-09,1.5547e-09,
62,1.1097,2.8389e-15,2.6645e-15,1.5266e-16,8.3605e-30,2.6645e-09,3.8176e-09,
63,1.133,5.6978e-15,7.7716e-16,4.4409e-17,7.2145e-31,7.7716e-10,1.111e-09,
64,1.1544,5.1399e-15,2.3315e-15,9.3259e-17,3.7024e-30,2.3315e-09,2.4661e-09,
65,1.1768,4.4e-15,1.6653e-15,1.0769e-16,3.917e-30,1.6653e-09,2.6945e-09,
66,1.1997,5.6614e-15,2.2204e-15,8.8263e-17,3.4563e-30,2.2204e-09,2.3988e-09,
67,1.222,5.4018e-15,1.5543e-15,1.0214e-16,3.3114e-30,1.5543e-09,2.4814e-09,
68,1.2451,5.3639e-15,2.2204e-15,1.0325e-16,4.0572e-30,2.2204e-09,2.6603e-09,
69,1.2724,5.2859e-15,1.8874e-15,1.0103e-16,3.3527e-30,1.8874e-09,2.4781e-09,
70,1.2975,5.7538e-15,2.2204e-15,1.1546e-16,4.878e-30,2.2204e-09,2.9422e-09,
71,1.3209,5.6503e-15,1.9984e-15,9.881e-17,3.4867e-30,1.9984e-09,2.4838e-09,
72,1.3436,5.7773e-15,2.2204e-15,1.2323e-16,5.3418e-30,2.2204e-09,3.0883e-09,
73,1.3678,5.7819e-15,5.5511e-16,3.2196e-17,3.1585e-31,5.5511e-10,7.5746e-10,
74,1.3896,4.1139e-15,3.2196e-15,1.6098e-16,9.0565e-30,3.2196e-09,4.0307e-09,
75,1.4134,5.5748e-15,7.7716e-16,5.6066e-17,1.0835e-30,7.7716e-10,1.3642e-09,
76,1.4361,5.5811e-15,2.6645e-15,9.4369e-17,4.4343e-30,2.6645e-09,2.6957e-09,
77,1.459,4.7233e-15,1.8319e-15,1.2212e-16,4.9627e-30,1.8319e-09,3.0072e-09,
78,1.4862,6.5134e-15,6.6613e-16,3.7748e-17,5.7008e-31,6.6613e-10,9.3144e-10,
79,1.51,4.1886e-15,1.1102e-15,6.2172e-17,1.322e-30,1.1102e-09,1.5435e-09,
80,1.5317,2.7382e-15,3.1086e-15,1.299e-16,6.9491e-30,3.1086e-09,3.4367e-09,
81,1.5548,5.8339e-15,2.2204e-15,1.4766e-16,7.0231e-30,2.2204e-09,3.6193e-09,
82,1.5785,7.5822e-15,1.1102e-15,4.5519e-17,8.8477e-31,1.1102e-09,1.223e-09,
83,1.6008,5.5038e-15,2.1094e-15,1.2379e-16,5.0602e-30,2.1094e-09,3.04e-09,
84,1.6248,4.9697e-15,2.4425e-15,1.3878e-16,6.4915e-30,2.4425e-09,3.4538e-09,
85,1.6516,6.2989e-15,6.6613e-16,3.4972e-17,4.965e-31,6.6613e-10,8.6462e-10,
86,1.6765,4.6983e-15,1.5543e-15,9.2149e-17,2.8169e-30,1.5543e-09,2.2684e-09,
87,1.7011,3.3102e-15,1.4433e-15,5.9397e-17,1.4132e-30,1.4433e-09,1.5458e-09,
88,1.724,4.2315e-15,2.4425e-15,1.4766e-16,7.035e-30,2.4425e-09,3.6742e-09,
89,1.7492,5.1163e-15,4.4409e-16,2.4425e-17,1.7719e-31,4.4409e-10,5.7684e-10,
90,1.7709,4.2235e-15,2.5535e-15,1.3323e-16,5.9997e-30,2.5535e-09,3.1965e-09,
91,1.7958,4.5771e-15,9.992e-16,4.0523e-17,6.7215e-31,9.992e-10,1.0914e-09,
92,1.8191,5.1804e-15,1.9984e-15,1.1657e-16,4.6088e-30,1.9984e-09,2.8589e-09,
93,1.8432,4.3552e-15,4.4409e-16,2.2204e-17,1.587e-31,4.4409e-10,5.2578e-10,
94,1.8653,3.7832e-15,3.7748e-15,2.4369e-16,1.836e-29,3.7748e-09,5.8137e-09,
95,1.8904,7.3337e-15,1.1102e-15,5.218e-17,1.04e-30,1.1102e-09,1.3502e-09,
96,1.9149,7.6684e-15,2.5535e-15,1.3212e-16,6.0817e-30,2.5535e-09,3.2603e-09,
97,1.9397,5.2222e-15,6.6613e-16,3.3307e-17,3.667e-31,6.6613e-10,8.0671e-10,
98,1.9619,4.703e-15,3.2196e-15,1.8208e-16,1.1257e-29,3.2196e-09,4.5084e-09,
99,1.9864,5.9942e-15,7.7716e-16,4.6629e-17,7.2762e-31,7.7716e-10,1.1225e-09,
100,2.0106,5.976e-15,1.7764e-15,9.77e-17,3.2571e-30,1.7764e-09,2.4223e-09,
101,2.0355,3.6877e-15,1.4433e-15,7.2164e-17,1.8381e-30,1.4433e-09,1.8058e-09,
102,2.0592,4.499e-15,1.5543e-15,8.0491e-17,2.33e-30,1.5543e-09,2.0248e-09,
103,2.0835,4.141e-15,1.2212e-15,6.4393e-17,1.4991e-30,1.2212e-09,1.6143e-09,
104,2.1073,3.8997e-15,1.3323e-15,6.9944e-17,1.7322e-30,1.3323e-09,1.7563e-09,
105,2.1308,3.6214e-15,1.1102e-15,5.9397e-17,1.1775e-30,1.1102e-09,1.4313e-09,
106,2.1533,3.5037e-15,2.6645e-15,1.5099e-16,7.7904e-30,2.6645e-09,3.7457e-09,
107,2.1772,5.4924e-15,7.7716e-16,3.7748e-17,4.8688e-31,7.7716e-10,9.2732e-10,
108,2.1995,5.1935e-15,3.4417e-15,1.9817e-16,1.3428e-29,3.4417e-09,4.9042e-09,
109,2.2241,6.5555e-15,8.8818e-16,4.2188e-17,7.6883e-31,8.8818e-10,1.0636e-09,
110,2.2467,6.6988e-15,1.8874e-15,1.1879e-16,4.6688e-30,1.8874e-09,2.9577e-09,
111,2.2726,4.1929e-15,5.5511e-16,2.8866e-17,3.0661e-31,5.5511e-10,7.2335e-10,
112,2.2966,3.8014e-15,1.0547e-15,7.1054e-17,1.6363e-30,1.0547e-09,1.7473e-09,
113,2.3201,2.3335e-15,6.6613e-16,2.8866e-17,3.0507e-31,6.6613e-10,7.2772e-10,
114,2.342,2.4908e-15,2.1094e-15,1.4433e-16,6.5717e-30,2.1094e-09,3.4962e-09,
115,2.3665,4.4792e-15,5.5511e-16,1.8874e-17,1.7603e-31,5.5511e-10,5.3081e-10,
116,2.3885,4.5229e-15,2.6645e-15,1.6209e-16,8.0797e-30,2.6645e-09,3.7984e-09,
117,2.4132,4.9859e-15,5.5511e-16,2.4425e-17,2.1879e-31,5.5511e-10,6.0366e-10,
118,2.4353,4.9416e-15,1.4988e-15,6.8834e-17,1.7892e-30,1.4988e-09,1.7748e-09,
119,2.4604,2.5385e-15,1.0547e-15,3.3307e-17,6.2593e-31,1.0547e-09,1.0445e-09,
120,2.4827,3.0593e-15,2.7756e-15,1.4766e-16,7.5466e-30,2.7756e-09,3.6683e-09,
121,2.5073,5.2463e-15,7.7716e-16,3.4972e-17,5.6584e-31,7.7716e-10,9.5253e-10,
122,2.5288,5.1359e-15,3.7748e-15,1.5543e-16,1.0029e-29,3.7748e-09,4.0928e-09,
123,2.5526,6.2944e-15,9.992e-16,6.7724e-17,1.4514e-30,9.992e-10,1.6257e-09,
124,2.5766,6.5178e-15,1.3323e-15,4.996e-17,1.0774e-30,1.3323e-09,1.366e-09,
125,2.5996,3.248e-15,2.276e-15,1.4877e-16,6.9056e-30,2.276e-09,3.6166e-09,
126,2.6241,5.4609e-15,1.1102e-15,4.4409e-17,8.5203e-31,1.1102e-09,1.181e-09,
127,2.6473,5.1631e-15,1.7208e-15,1.1824e-16,4.3037e-30,1.7208e-09,2.8501e-09,
128,2.6711,4.3379e-15,2.2204e-15,9.5479e-17,3.6057e-30,2.2204e-09,2.48e-09,
129,2.6945,5.5145e-15,1.5543e-15,1.0325e-16,3.4775e-30,1.5543e-09,2.485e-09,
130,2.7182,5.3853e-15,2.2204e-15,1.0325e-16,4.1246e-30,2.2204e-09,2.6785e-09,
131,2.7418,5.2451e-15,1.8874e-15,9.3259e-17,3.0984e-30,1.8874e-09,2.3226e-09,
132,2.766,5.6133e-15,1.8874e-15,1.1158e-16,4.2898e-30,1.8874e-09,2.781e-09,
133,2.7894,5.1884e-15,1.3323e-15,6.7168e-17,1.5427e-30,1.3323e-09,1.6568e-09,
134,2.8119,4.5353e-15,3.4417e-15,1.6986e-16,1.0588e-29,3.4417e-09,4.3202e-09,
135,2.8354,6.7454e-15,1.0547e-15,7.3275e-17,1.7044e-30,1.0547e-09,1.7969e-09,
136,2.8594,6.1929e-15,1.4433e-15,5.7176e-17,1.3871e-30,1.4433e-09,1.537e-09,
137,2.8815,3.5563e-15,2.276e-15,1.5654e-16,7.5716e-30,2.276e-09,3.7775e-09,
138,2.9053,5.7629e-15,9.992e-16,4.774e-17,8.2931e-31,9.992e-10,1.2481e-09,
139,2.9282,5.2187e-15,1.8874e-15,7.8826e-17,2.4606e-30,1.8874e-09,2.0509e-09,
140,2.9504,4.1791e-15,3.2196e-15,2.1649e-16,1.5265e-29,3.2196e-09,5.3007e-09,
141,2.9746,7.5145e-15,8.8818e-16,3.2196e-17,4.6993e-31,8.8818e-10,8.9237e-10,
142,2.9957,6.8137e-15,2.3315e-15,1.3933e-16,6.6163e-30,2.3315e-09,3.542e-09,
143,3.0192,4.5674e-15,3.3307e-16,1.4433e-17,7.5496e-32,3.3307e-10,3.5859e-10,
144,3.0407,4.1826e-15,2.1094e-15,1.5099e-16,6.2604e-30,2.1094e-09,3.4083e-09,
145,3.0651,4.3586e-15,4.4409e-16,1.9984e-17,1.8951e-31,4.4409e-10,5.5315e-10,
146,3.0872,4.2445e-15,1.9984e-15,1.1657e-16,4.2925e-30,1.9984e-09,2.7507e-09,
147,3.1097,3.8472e-15,1.4433e-15,6.4393e-17,1.5608e-30,1.4433e-09,1.6642e-09,
148,3.132,4.9665e-15,2.9976e-15,1.7431e-16,1.0227e-29,2.9976e-09,4.3019e-09,
149,3.1565,6.5009e-15,7.7716e-16,4.6074e-17,6.6599e-31,7.7716e-10,1.1018e-09,
150,3.1783,5.705e-15,2.3315e-15,9.992e-17,4.0445e-30,2.3315e-09,2.6211e-09,
151,3.2016,4.3025e-15,1.6653e-15,1.0769e-16,3.7471e-30,1.6653e-09,2.6066e-09,
152,3.2241,5.577e-15,2.4425e-15,9.992e-17,4.2482e-30,2.4425e-09,2.683e-09,
153,3.2473,5.7767e-15,1.8874e-15,1.2268e-16,4.9847e-30,1.8874e-09,3.0079e-09,
154,3.2709,6.227e-15,2.6645e-15,1.1324e-16,5.2944e-30,2.6645e-09,3.0063e-09,
155,3.2936,6.3713e-15,1.9984e-15,1.1879e-16,4.7027e-30,1.9984e-09,2.9123e-09,
156,3.3169,6.5046e-15,2.4425e-15,1.0547e-16,4.43e-30,2.4425e-09,2.7504e-09,
157,3.3401,6.2617e-15,1.7764e-15,1.088e-16,3.8476e-30,1.7764e-09,2.6642e-09,
158,3.363,5.8693e-15,2.3315e-15,1.0769e-16,4.5205e-30,2.3315e-09,2.7711e-09,
159,3.3863,5.6601e-15,1.8874e-15,9.3259e-17,3.1154e-30,1.8874e-09,2.3485e-09,
160,3.4089,5.7945e-15,1.7764e-15,1.0769e-16,3.9089e-30,1.7764e-09,2.6495e-09,
161,3.433,5.1086e-15,1.7764e-15,7.6605e-17,2.3496e-30,1.7764e-09,2.0131e-09,
162,3.4557,4.9448e-15,1.5543e-15,8.1046e-17,2.3897e-30,1.5543e-09,2.053e-09,
163,3.4783,4.5883e-15,8.8818e-16,5.6621e-17,1.0184e-30,8.8818e-10,1.3689e-09,
164,3.5007,3.4214e-15,2.4425e-15,1.1213e-16,4.8518e-30,2.4425e-09,2.91e-09,
165,3.5238,4.6931e-15,1.8874e-15,1.1768e-16,4.2575e-30,1.8874e-09,2.8324e-09,
166,3.5477,6.1039e-15,2.4425e-15,1.1546e-16,4.9508e-30,2.4425e-09,2.9482e-09,
167,3.5702,6.0523e-15,1.7764e-15,1.0769e-16,3.6808e-30,1.7764e-09,2.6038e-09,
168,3.5931,5.7929e-15,2.3315e-15,1.1047e-16,4.5456e-30,2.3315e-09,2.8025e-09,
169,3.6164,5.6515e-15,1.8874e-15,1.1269e-16,3.9894e-30,1.8874e-09,2.706e-09,
170,3.6403,5.8559e-15,2.1094e-15,1.1158e-16,4.1666e-30,2.1094e-09,2.7539e-09,
171,3.664,5.6196e-15,1.7764e-15,9.1038e-17,2.7333e-30,1.7764e-09,2.2093e-09,
172,3.6865,5.4369e-15,1.7764e-15,9.5479e-17,3.2267e-30,1.7764e-09,2.3705e-09,
173,3.7092,4.9074e-15,1.1102e-15,6.2172e-17,1.1883e-30,1.1102e-09,1.4727e-09,
174,3.7319,4.0089e-15,2.7756e-15,1.4211e-16,7.1521e-30,2.7756e-09,3.5645e-09,
175,3.7555,5.5431e-15,7.7716e-16,4.9405e-17,7.9695e-31,7.7716e-10,1.2135e-09,
176,3.7783,5.0965e-15,1.9984e-15,9.77e-17,3.5221e-30,1.9984e-09,2.4889e-09,
177,3.8017,3.8851e-15,1.4433e-15,8.3267e-17,2.2125e-30,1.4433e-09,2.0343e-09,
178,3.8249,4.7784e-15,1.6653e-15,8.1046e-17,2.3962e-30,1.6653e-09,2.078e-09,
179,3.8487,4.4168e-15,1.2212e-15,7.2164e-17,1.7395e-30,1.2212e-09,1.7825e-09,
180,3.8713,4.0715e-15,1.4433e-15,6.1062e-17,1.5211e-30,1.4433e-09,1.6e-09,
181,3.8939,3.75e-15,2.4425e-15,1.4766e-16,7.2708e-30,2.4425e-09,3.6465e-09,
182,3.9178,5.9348e-15,1.2212e-15,6.6613e-17,1.5115e-30,1.2212e-09,1.5895e-09,
183,3.9409,5.4743e-15,1.1102e-15,5.218e-17,9.6181e-31,1.1102e-09,1.2834e-09,
184,3.9644,3.2081e-15,2.3315e-15,1.249e-16,5.1619e-30,2.3315e-09,3.0025e-09,
185,3.9869,4.9927e-15,1.9984e-15,9.2149e-17,2.9278e-30,1.9984e-09,2.3088e-09,
186,4.0101,6.0042e-15,1.7764e-15,1.1435e-16,4.2817e-30,1.7764e-09,2.7806e-09,
187,4.0347,5.2539e-15,3.3307e-16,1.1102e-17,6.2015e-32,3.3307e-10,3.2797e-10,
188,4.0549,3.6238e-15,1.1657e-15,5.107e-17,1.0138e-30,1.1657e-09,1.3079e-09,
189,4.0774,1.9816e-15,1.2768e-15,7.8826e-17,1.7337e-30,1.2768e-09,1.7933e-09,
190,4.1005,3.3595e-15,1.1102e-15,4.885e-17,9.7067e-31,1.1102e-09,1.2689e-09,
191,4.1236,3.614e-15,1.8319e-15,1.1768e-16,3.9786e-30,1.8319e-09,2.7632e-09,
192,4.147,3.9785e-15,4.4409e-16,1.5543e-17,1.1864e-31,4.4409e-10,4.1885e-10,
193,4.1673,3.5073e-15,2.9976e-15,1.6875e-16,9.9721e-30,2.9976e-09,4.3728e-09,
194,4.1915,5.7176e-15,8.8818e-16,3.3307e-17,4.7763e-31,8.8818e-10,8.9441e-10,
195,4.2135,5.8776e-15,3.1641e-15,2.0817e-16,1.2634e-29,3.1641e-09,4.9309e-09,
196,4.2382,6.3556e-15,1.1102e-15,3.3862e-17,7.1067e-31,1.1102e-09,1.0647e-09,
197,4.2596,6.4123e-15,4.1633e-15,2.3648e-16,1.8658e-29,4.1633e-09,6.0398e-09,
198,4.2841,7.7073e-15,1.4433e-15,4.3299e-17,1.1328e-30,1.4433e-09,1.3579e-09,
199,4.3059,7.9974e-15,1.6653e-15,1.1047e-16,3.5888e-30,1.6653e-09,2.1996e-09,
200,4.3312,4.4119e-15,1.4433e-15,9.1593e-17,2.3685e-30,1.4433e-09,1.8194e-09,
201,4.3569,6.7035e-15,1.1102e-15,5.4401e-17,9.6913e-31,1.1102e-09,1.2212e-09,
202,4.3792,4.6133e-15,1.9984e-15,1.4044e-16,5.7643e-30,1.9984e-09,3.135e-09,
203,4.4033,5.2173e-15,7.7716e-16,2.6645e-17,3.4551e-31,7.7716e-10,7.5833e-10,
204,4.4265,4.6361e-15,1.6653e-15,9.992e-17,3.0661e-30,1.6653e-09,2.5089e-09,
205,4.4507,3.0734e-15,3.3307e-16,1.9984e-17,1.2634e-31,3.3307e-10,4.5466e-10,
206,4.4725,2.9278e-15,1.4988e-15,8.1046e-17,2.0369e-30,1.4988e-09,1.9088e-09,
207,4.496,2.9775e-15,9.4369e-16,4.885e-17,8.0427e-31,9.4369e-10,1.183e-09,
208,4.5177,3.6285e-15,4.2188e-15,2.498e-16,1.8914e-29,4.2188e-09,5.7966e-09,
209,4.5408,8.4988e-15,1.1657e-15,7.5495e-17,1.8477e-30,1.1657e-09,1.8649e-09,
210,4.5631,8.115e-15,1.3323e-15,4.9405e-17,1.1282e-30,1.3323e-09,1.3636e-09,
211,4.5844,3.526e-15,2.1649e-15,1.3711e-16,6.0725e-30,2.1649e-09,3.4071e-09,
212,4.6079,5.2409e-15,8.8818e-16,4.774e-17,7.9233e-31,8.8818e-10,1.1505e-09,
213,4.6303,4.6386e-15,1.5543e-15,8.1046e-17,2.3238e-30,1.5543e-09,1.9902e-09,
214,4.6523,3.5441e-15,1.6653e-15,9.992e-17,3.4532e-30,1.6653e-09,2.4924e-09,
215,4.6745,4.4575e-15,1.4433e-15,6.3283e-17,1.5535e-30,1.4433e-09,1.6448e-09,
216,4.6958,4.3438e-15,2.8866e-15,1.6875e-16,9.8685e-30,2.8866e-09,4.2537e-09,
217,4.7195,6.3262e-15,7.7716e-16,3.8303e-17,5.0883e-31,7.7716e-10,9.3038e-10,
218,4.7402,5.6672e-15,3.5527e-15,2.0095e-16,1.3518e-29,3.5527e-09,4.9196e-09,
219,4.7631,6.7185e-15,9.992e-16,5.8842e-17,1.1818e-30,9.992e-10,1.4666e-09,
220,4.7852,6.6643e-15,9.992e-16,5.218e-17,1.0138e-30,9.992e-10,1.3121e-09,
221,4.8077,2.8504e-15,2.1094e-15,1.0214e-16,3.7922e-30,2.1094e-09,2.5786e-09,
222,4.8305,4.4947e-15,2.1094e-15,9.77e-17,3.6889e-30,2.1094e-09,2.4908e-09,
223,4.8527,5.8467e-15,1.4433e-15,9.1038e-17,2.6593e-30,1.4433e-09,2.2139e-09,
224,4.8753,5.0327e-15,1.8874e-15,8.7153e-17,2.9617e-30,1.8874e-09,2.2688e-09,
225,4.8979,4.7401e-15,1.4433e-15,8.2157e-17,2.3115e-30,1.4433e-09,2.0151e-09,
226,4.9212,4.5973e-15,1.6653e-15,7.9936e-17,2.3573e-30,1.6653e-09,2.0206e-09,
227,4.944,4.3317e-15,1.5543e-15,7.5495e-17,2.1247e-30,1.5543e-09,1.9107e-09,
228,4.9674,4.5162e-15,1.3323e-15,7.6605e-17,2.0295e-30,1.3323e-09,1.9178e-09,
229,4.9901,4.0822e-15,1.1102e-15,5.107e-17,9.3369e-31,1.1102e-09,1.2818e-09,
230,5.0124,3.4401e-15,2.1094e-15,1.2546e-16,5.3818e-30,2.1094e-09,3.13e-09,
231,5.0367,4.6689e-15,6.6613e-16,2.2204e-17,2.6077e-31,6.6613e-10,6.4446e-10,
232,5.0568,4.3309e-15,1.8874e-15,1.2434e-16,4.2848e-30,1.8874e-09,2.6469e-09,
233,5.0805,3.8468e-15,2.2204e-16,1.2212e-17,5.3926e-32,2.2204e-10,2.8351e-10,
234,5.1003,3.698e-15,3.3862e-15,1.4766e-16,8.0165e-30,3.3862e-09,2.8621e-09,
235,5.1229,6.3533e-15,2.609e-15,1.843e-16,9.4448e-30,2.609e-09,3.9065e-09,
236,5.1472,1.1642e-14,1.1102e-16,4.996e-18,9.6296e-33,1.1102e-10,1.2578e-10,
237,5.1668,5.6362e-15,2.1094e-15,1.1324e-16,3.9998e-30,2.1094e-09,2.7266e-09,
238,5.1907,3.6169e-15,6.6613e-16,2.4425e-17,2.8196e-31,6.6613e-10,6.4131e-10,
239,5.2116,3.7304e-15,4.5519e-15,3.042e-16,2.7658e-29,4.5519e-09,7.2121e-09,
240,5.2358,9.599e-15,4.4409e-16,1.5543e-17,1.1594e-31,4.4409e-10,3.1003e-10,
241,5.256,8.7678e-15,3.7192e-15,2.3537e-16,1.7099e-29,3.7192e-09,5.1942e-09,
242,5.2794,9.0956e-15,4.4409e-16,2.2204e-17,1.8489e-31,4.4409e-10,5.2968e-10,
243,5.3002,7.7957e-15,2.8311e-15,1.8874e-16,1.0927e-29,2.8311e-09,4.0005e-09,
244,5.3248,7.6692e-15,9.992e-16,7.1054e-17,1.5577e-30,9.992e-10,1.6745e-09,
245,5.3475,7.0941e-15,6.6613e-16,3.1641e-17,3.3473e-31,6.6613e-10,7.6537e-10,
246,5.3686,2.5909e-15,2.387e-15,1.6653e-16,8.3493e-30,2.387e-09,3.975e-09,
247,5.3953,5.1212e-15,6.6613e-16,3.4972e-17,4.2255e-31,6.6613e-10,8.6054e-10,
248,5.4176,4.9063e-15,1.7764e-15,9.5479e-17,3.0491e-30,1.7764e-09,2.3314e-09,
249,5.4406,3.4926e-15,1.4433e-15,7.4385e-17,1.986e-30,1.4433e-09,1.8809e-09,
250,5.4635,4.4112e-15,1.6653e-15,8.4377e-17,2.5133e-30,1.6653e-09,2.0932e-09,
251,5.4869,4.3033e-15,1.6653e-15,8.6597e-17,2.6285e-30,1.6653e-09,2.168e-09,
252,5.509,4.5895e-15,1.8874e-15,9.992e-17,3.5241e-30,1.8874e-09,2.511e-09,
253,5.5322,4.8129e-15,1.7764e-15,8.5487e-17,2.6212e-30,1.7764e-09,2.1577e-09,
254,5.5543,5.046e-15,1.6653e-15,9.9365e-17,3.4285e-30,1.6653e-09,2.4982e-09,
255,5.5777,4.7459e-15,1.4433e-15,7.2164e-17,1.795e-30,1.4433e-09,1.7851e-09,
256,5.5992,4.3658e-15,3.3307e-15,1.793e-16,1.1539e-29,3.3307e-09,4.5375e-09,
257,5.6226,6.7946e-15,6.6613e-16,4.2188e-17,6.0243e-31,6.6613e-10,1.0254e-09,
258,5.6446,5.9299e-15,1.7764e-15,9.6589e-17,3.177e-30,1.7764e-09,2.4133e-09,
259,5.6667,3.5268e-15,1.4433e-15,7.1054e-17,1.8647e-30,1.4433e-09,1.767e-09,
260,5.6892,4.51e-15,2.8866e-15,1.9207e-16,1.2486e-29,2.8866e-09,4.8391e-09,
261,5.7122,6.411e-15,9.992e-16,3.7192e-17,6.3979e-31,9.992e-10,1.0374e-09,
262,5.7329,6.2269e-15,3.3862e-15,2.0817e-16,1.4798e-29,3.3862e-09,5.2099e-09,
263,5.7558,6.5376e-15,6.6613e-16,3.1086e-17,3.4667e-31,6.6613e-10,7.6333e-10,
264,5.7772,6.3089e-15,2.6645e-15,1.7986e-16,1.0345e-29,2.6645e-09,4.3759e-09,
265,5.8006,5.5177e-15,6.6613e-16,3.8303e-17,4.9496e-31,6.6613e-10,9.4096e-10,
266,5.8225,5.3844e-15,1.7764e-15,9.1038e-17,2.9629e-30,1.7764e-09,2.2391e-09,
267,5.8447,3.5754e-15,1.6653e-15,6.8834e-17,2.0107e-30,1.6653e-09,1.8396e-09,
268,5.8674,4.8733e-15,2.8311e-15,1.8208e-16,1.1371e-29,2.8311e-09,4.5623e-09,
269,5.8991,6.5535e-15,6.6613e-16,2.72e-17,3.1162e-31,6.6613e-10,7.2927e-10,
270,5.9272,5.7476e-15,2.4425e-15,1.4988e-16,7.5573e-30,2.4425e-09,3.7487e-09,
271,5.9535,4.6526e-15,5.5511e-16,2.387e-17,2.1609e-31,5.5511e-10,6.2481e-10,
272,5.9777,4.6087e-15,2.2204e-15,1.2323e-16,5.2524e-30,2.2204e-09,3.0535e-09,
273,6.003,4.2745e-15,4.4409e-16,2.7756e-17,2.6809e-31,4.4409e-10,6.8002e-10,
274,6.027,3.9589e-15,1.3323e-15,5.8287e-17,1.3347e-30,1.3323e-09,1.5176e-09,
275,6.0501,2.4393e-15,2.4425e-15,1.4932e-16,7.3174e-30,2.4425e-09,3.6387e-09,
276,6.0756,5.8101e-15,1.1102e-15,5.3291e-17,1.0878e-30,1.1102e-09,1.3801e-09,
277,6.0985,5.5661e-15,1.9984e-15,1.0991e-16,4.0002e-30,1.9984e-09,2.6844e-09,
278,6.1229,4.6045e-15,1.9984e-15,1.1879e-16,4.9381e-30,1.9984e-09,2.9971e-09,
279,6.1459,5.5337e-15,5.5511e-16,2.6645e-17,2.1879e-31,5.5511e-10,6.5935e-10,
280,6.1685,4.0352e-15,2.4425e-15,1.4655e-16,7.4418e-30,2.4425e-09,3.6237e-09,
281,6.1921,4.8259e-15,7.2164e-16,4.3299e-17,6.4095e-31,7.2164e-10,1.0731e-09,
282,6.214,4.4908e-15,1.8874e-15,6.9944e-17,2.268e-30,1.8874e-09,1.9121e-09,
283,6.2367,3.3979e-15,3.2752e-15,2.0428e-16,1.3885e-29,3.2752e-09,5.1177e-09,
284,6.2604,7.7776e-15,1.3323e-15,5.7732e-17,1.322e-30,1.3323e-09,1.5099e-09,
285,6.2825,7.1337e-15,2.2204e-15,1.4988e-16,7.1013e-30,2.2204e-09,3.6473e-09,
286,6.3062,5.5637e-15,9.992e-16,4.996e-17,9.7067e-31,9.992e-10,1.2862e-09,
287,6.328,5.1563e-15,1.7764e-15,1.0325e-16,3.5453e-30,1.7764e-09,2.5421e-09,
288,6.3516,4.1913e-15,1.8874e-15,1.0325e-16,3.7579e-30,1.8874e-09,2.5962e-09,
289,6.3749,5.1428e-15,1.4433e-15,9.0483e-17,2.5965e-30,1.4433e-09,2.188e-09,
290,6.3988,4.6128e-15,1.7764e-15,7.7716e-17,2.4097e-30,1.7764e-09,2.0402e-09,
291,6.421,4.5037e-15,1.3323e-15,8.2157e-17,2.1678e-30,1.3323e-09,2.0195e-09,
292,6.4439,4.3565e-15,1.8874e-15,9.3259e-17,3.1262e-30,1.8874e-09,2.3567e-09,
293,6.467,4.5002e-15,1.3323e-15,6.7724e-17,1.6193e-30,1.3323e-09,1.6987e-09,
294,6.4894,4.5204e-15,1.3323e-15,8.5487e-17,2.5037e-30,1.3323e-09,2.1421e-09,
295,6.5148,3.7605e-15,1.3323e-15,5.3291e-17,1.2126e-30,1.3323e-09,1.4247e-09,
296,6.5376,3.71e-15,2.1094e-15,1.2879e-16,5.5578e-30,2.1094e-09,3.2438e-09,
297,6.5625,4.6562e-15,5.5511e-16,2.498e-17,2.1301e-31,5.5511e-10,6.3049e-10,
298,6.5844,4.0257e-15,2.1649e-15,1.4155e-16,6.4006e-30,2.1649e-09,3.4972e-09,
299,6.6077,4.2964e-15,6.6613e-16,2.5535e-17,2.8504e-31,6.6613e-10,6.919e-10,
300,6.63,4.3837e-15,2.0539e-15,1.3878e-16,6.1306e-30,2.0539e-09,3.3591e-09,
301,6.6564,4.3549e-15,6.6613e-16,2.1094e-17,2.6193e-31,6.6613e-10,6.4188e-10,
302,6.6771,4.3946e-15,1.7208e-15,1.0103e-16,3.4933e-30,1.7208e-09,2.5689e-09,
303,6.7012,3.2868e-15,2.2204e-16,1.4988e-17,6.2015e-32,2.2204e-10,3.6552e-10,
304,6.7213,2.8831e-15,2.9976e-15,1.2823e-16,6.9091e-30,2.9976e-09,3.4377e-09,
305,6.746,4.8498e-15,9.992e-16,6.3838e-17,1.3285e-30,9.992e-10,1.5663e-09,
306,6.769,5.6163e-15,1.2212e-15,6.4948e-17,1.4872e-30,1.2212e-09,1.6301e-09,
307,6.7923,3.1288e-15,1.3323e-15,4.774e-17,1.0924e-30,1.3323e-09,1.3499e-09,
308,6.8141,3.5181e-15,2.0539e-15,1.2323e-16,5.1368e-30,2.0539e-09,3.0778e-09,
309,6.8375,4.309e-15,6.6613e-16,2.2204e-17,2.4498e-31,6.6613e-10,6.5319e-10,
310,6.8593,3.8806e-15,1.8319e-15,8.6597e-17,2.8026e-30,1.8319e-09,2.3454e-09,
311,6.8822,2.8915e-15,6.1062e-16,2.8866e-17,3.7748e-31,6.1062e-10,7.7562e-10,
312,6.9045,2.6855e-15,1.3323e-15,6.1617e-17,1.3393e-30,1.3323e-09,1.6044e-09,
313,6.9268,2.5228e-15,9.4369e-16,6.4393e-17,1.2911e-30,9.4369e-10,1.5567e-09,
314,6.9498,3.0648e-15,9.992e-16,4.8295e-17,8.9248e-31,9.992e-10,1.2306e-09,
315,6.9719,2.8213e-15,1.7764e-15,9.5479e-17,3.006e-30,1.7764e-09,2.3475e-09,
316,6.9941,4.1739e-15,1.7764e-15,9.77e-17,3.4127e-30,1.7764e-09,2.4719e-09,
317,7.0173,4.9771e-15,1.5543e-15,7.605e-17,2.0881e-30,1.5543e-09,1.9224e-09,
318,7.0404,4.6217e-15,1.4433e-15,9.3259e-17,2.9721e-30,1.4433e-09,2.3083e-09,
319,7.0635,4.2219e-15,9.992e-16,5.107e-17,8.9864e-31,9.992e-10,1.262e-09,
320,7.085,3.6156e-15,2.6645e-15,1.4211e-16,7.1494e-30,2.6645e-09,3.6002e-09,
321,7.1087,5.3042e-15,9.992e-16,3.6082e-17,6.1206e-31,9.992e-10,1.0102e-09,
322,7.1298,5.3356e-15,3.0531e-15,1.954e-16,1.2593e-29,3.0531e-09,4.8115e-09,
323,7.1541,5.9829e-15,7.7716e-16,2.4425e-17,3.2972e-31,7.7716e-10,7.42e-10,
324,7.177,5.9949e-15,1.3878e-15,6.4393e-17,1.5176e-30,1.3878e-09,1.7524e-09,
325,7.1991,2.3404e-15,2.7756e-16,1.4433e-17,7.8963e-32,2.7756e-10,3.2604e-10,
326,7.2198,2.0413e-15,1.4433e-15,1.1102e-16,3.2775e-30,1.4433e-09,2.4722e-09,
327,7.2429,3.5792e-15,1.3323e-15,9.3259e-17,2.4209e-30,1.3323e-09,2.112e-09,
328,7.2655,4.8422e-15,1.6653e-15,7.2164e-17,1.949e-30,1.6653e-09,1.8394e-09,
329,7.2871,4.5472e-15,2.8311e-15,1.9706e-16,1.1517e-29,2.8311e-09,4.6627e-09,
330,7.3105,7.1257e-15,1.3323e-15,5.6621e-17,1.3747e-30,1.3323e-09,1.5067e-09,
331,7.333,6.6457e-15,2.5535e-15,1.471e-16,7.4576e-30,2.5535e-09,3.679e-09,
332,7.3563,6.0006e-15,9.992e-16,5.3291e-17,1.0123e-30,9.992e-10,1.323e-09,
333,7.3787,5.523e-15,1.7764e-15,1.0214e-16,3.3561e-30,1.7764e-09,2.4433e-09,
334,7.4009,4.0839e-15,1.9984e-15,1.2046e-16,4.809e-30,1.9984e-09,2.9619e-09,
335,7.424,5.3046e-15,5.5511e-16,3.7192e-17,4.5336e-31,5.5511e-10,9.1867e-10,
336,7.4465,3.8271e-15,1.7764e-15,7.272e-17,2.1513e-30,1.7764e-09,1.9167e-09,
337,7.469,3.2483e-15,1.2768e-15,8.4377e-17,2.3327e-30,1.2768e-09,2.0862e-09,
338,7.492,4.3146e-15,1.5543e-15,6.6613e-17,1.8077e-30,1.5543e-09,1.744e-09,
339,7.5137,4.0059e-15,2.6645e-15,1.6209e-16,8.3293e-30,2.6645e-09,3.9095e-09,
340,7.5378,6.5267e-15,9.992e-16,6.7724e-17,1.5546e-30,9.992e-10,1.6977e-09,
341,7.5603,5.6932e-15,8.8818e-16,3.7748e-17,5.5043e-31,8.8818e-10,9.7858e-10,
342,7.582,2.7864e-15,1.3323e-15,7.9381e-17,2.1667e-30,1.3323e-09,1.9788e-09,
343,7.6045,3.1828e-15,9.992e-16,3.7748e-17,6.5944e-31,9.992e-10,1.0545e-09,
344,7.6255,3.3934e-15,3.3862e-15,2.1594e-16,1.5773e-29,3.3862e-09,5.4025e-09,
345,7.6497,6.8057e-15,8.8818e-16,3.2196e-17,4.7185e-31,8.8818e-10,8.9409e-10,
346,7.6704,6.8344e-15,2.276e-15,1.4377e-16,6.661e-30,2.276e-09,3.5066e-09,
347,7.6943,4.6229e-15,6.6613e-16,2.7756e-17,3.2818e-31,6.6613e-10,7.4141e-10,
348,7.7188,4.4796e-15,2.2204e-15,1.2823e-16,6.3837e-30,2.2204e-09,3.3868e-09,
349,7.7451,4.6375e-15,6.6613e-16,3.6637e-17,4.6068e-31,6.6613e-10,9.0305e-10,
350,7.7671,4.6313e-15,1.7764e-15,9.5479e-17,3.1031e-30,1.7764e-09,2.318e-09,
351,7.79,3.5189e-15,1.5543e-15,6.9944e-17,1.8412e-30,1.5543e-09,1.7773e-09,
352,7.8128,4.5584e-15,3.1086e-15,1.8707e-16,1.165e-29,3.1086e-09,4.5336e-09,
353,7.8369,6.7321e-15,8.8818e-16,4.2188e-17,6.4288e-31,8.8818e-10,1.0483e-09,
354,7.8606,6.1369e-15,1.7764e-15,1.138e-16,4.2066e-30,1.7764e-09,2.8109e-09,
355,7.8842,3.9609e-15,5.5511e-16,3.0531e-17,3.2856e-31,5.5511e-10,7.4283e-10,
356,7.9054,3.5772e-15,2.8866e-15,1.4988e-16,7.9672e-30,2.8866e-09,3.7677e-09,
357,7.9323,5.1622e-15,8.8818e-16,4.2188e-17,6.6406e-31,8.8818e-10,1.0523e-09,
358,7.9546,5.5458e-15,1.7764e-15,1.0769e-16,3.8765e-30,1.7764e-09,2.6778e-09,
359,7.9785,3.9546e-15,4.4409e-16,2.8311e-17,2.2225e-31,4.4409e-10,6.8213e-10,
360,8.0006,3.2714e-15,1.3323e-15,5.6066e-17,1.2361e-30,1.3323e-09,1.4571e-09,
361,8.0233,2.4273e-15,2.1094e-15,1.3989e-16,6.0536e-30,2.1094e-09,3.4032e-09,
362,8.0487,5.2191e-15,1.1102e-15,5.107e-17,1.0492e-30,1.1102e-09,1.3278e-09,
363,8.0715,4.9278e-15,2.1094e-15,1.1879e-16,4.7952e-30,2.1094e-09,2.9538e-09,
364,8.0954,4.9196e-15,2.3315e-15,1.3323e-16,6.203e-30,2.3315e-09,3.347e-09,
365,8.1201,6.2175e-15,5.5511e-16,2.9976e-17,2.885e-31,5.5511e-10,7.2676e-10,
366,8.1452,4.4303e-15,2.8866e-15,1.5654e-16,8.6544e-30,2.8866e-09,3.939e-09,
367,8.1721,5.26e-15,8.8818e-16,5.218e-17,9.3369e-31,8.8818e-10,1.2803e-09,
368,8.1956,5.449e-15,2.5535e-15,1.2101e-16,5.4773e-30,2.5535e-09,3.0982e-09,
369,8.2194,4.7667e-15,2.1094e-15,1.0603e-16,3.7937e-30,2.1094e-09,2.6157e-09,
370,8.2434,6.469e-15,2.2204e-15,1.2046e-16,5.0972e-30,2.2204e-09,3.0449e-09,
371,8.2687,5.9419e-15,8.8818e-16,4.6629e-17,7.7962e-31,8.8818e-10,1.2397e-09,
372,8.293,3.4514e-15,4.4409e-16,1.3323e-17,1.067e-31,4.4409e-10,4.2324e-10,
373,8.3152,1.8047e-15,2.3315e-15,1.1546e-16,4.6392e-30,2.3315e-09,2.8606e-09,
374,8.3396,3.8774e-15,7.7716e-16,4.4409e-17,6.0397e-31,7.7716e-10,9.3158e-10,
375,8.3629,4.5126e-15,1.1657e-15,5.7732e-17,1.2653e-30,1.1657e-09,1.3811e-09,
376,8.3877,3.2219e-15,7.2164e-16,5.218e-17,7.8771e-31,7.2164e-10,1.1208e-09,
377,8.411,3.4435e-15,1.1102e-15,7.7161e-17,1.7353e-30,1.1102e-09,1.6672e-09,
378,8.4352,4.0531e-15,1.0547e-15,7.3275e-17,1.4887e-30,1.0547e-09,1.6554e-09,
379,8.4625,3.9958e-15,4.996e-16,3.2196e-17,2.9428e-31,4.996e-10,7.089e-10,
380,8.4899,2.4972e-15,9.992e-16,5.8842e-17,1.0604e-30,9.992e-10,1.339e-09,
381,8.5139,2.7133e-15,1.8319e-15,1.3212e-16,4.4917e-30,1.8319e-09,2.8552e-09,
382,8.5409,5.4999e-15,4.4409e-16,2.9976e-17,3.1123e-31,4.4409e-10,7.0874e-10,
383,8.5644,4.0204e-15,8.8818e-16,3.2752e-17,4.9188e-31,8.8818e-10,8.3911e-10,
384,8.587,2.0982e-15,1.7208e-15,9.4369e-17,2.8785e-30,1.7208e-09,2.0652e-09,
385,8.6112,4.0594e-15,9.4369e-16,4.6629e-17,7.2107e-31,9.4369e-10,1.0079e-09,
386,8.6349,4.6859e-15,2.1094e-15,1.5987e-16,7.2569e-30,2.1094e-09,3.1142e-09,
387,8.66,6.8377e-15,8.8818e-16,3.0531e-17,4.6261e-31,8.8818e-10,8.6814e-10,
388,8.6831,6.1246e-15,2.0539e-15,1.1713e-16,4.5564e-30,2.0539e-09,3.0134e-09,
389,8.7083,3.6729e-15,4.4409e-16,1.8319e-17,1.2827e-31,4.4409e-10,4.3444e-10,
390,8.7299,3.6197e-15,3.0531e-15,2.2982e-16,1.4762e-29,3.0531e-09,5.0167e-09,
391,8.7554,7.7747e-15,1.5543e-15,6.5503e-17,1.7672e-30,1.5543e-09,1.7367e-09,
392,8.7795,8.22e-15,1.0547e-15,6.9389e-17,1.5627e-30,1.0547e-09,1.7078e-09,
393,8.8034,3.6796e-15,1.5543e-15,7.272e-17,1.9571e-30,1.5543e-09,1.8271e-09,
394,8.8274,3.6989e-15,1.1102e-15,5.6066e-17,1.1698e-30,1.1102e-09,1.4197e-09,
395,8.8506,3.7241e-15,2.6645e-15,1.4433e-16,7.1829e-30,2.6645e-09,3.5564e-09,
396,8.8761,5.3633e-15,9.992e-16,3.2196e-17,5.6699e-31,9.992e-10,9.6154e-10,
397,8.8987,5.4567e-15,2.1649e-15,1.2101e-16,4.7131e-30,2.1649e-09,2.954e-09,
398,8.9245,4.0547e-15,3.3307e-16,1.2212e-17,8.2045e-32,3.3307e-10,3.625e-10,
399,8.9463,3.6542e-15,1.9984e-15,7.1054e-17,2.8935e-30,1.9984e-09,2.1959e-09,
400,8.9713,3.0392e-15,3.2752e-15,1.4877e-16,8.585e-30,3.2752e-09,3.9484e-09,
401,9,6.7403e-15,9.992e-16,4.996e-17,1.0019e-30,9.992e-10,1.328e-09,
402,9.025,5.6729e-15,1.7208e-15,1.0658e-16,3.6516e-30,1.7208e-09,2.5938e-09,
403,9.0491,4.0622e-15,2.4425e-15,1.0436e-16,4.4219e-30,2.4425e-09,2.7553e-09,
404,9.0741,5.7444e-15,1.5543e-15,1.0325e-16,3.2957e-30,1.5543e-09,2.4728e-09,
405,9.0987,5.6414e-15,2.2204e-15,9.3259e-17,3.5333e-30,2.2204e-09,2.4614e-09,
406,9.1239,5.3987e-15,1.7208e-15,1.0769e-16,3.6454e-30,1.7208e-09,2.6432e-09,
407,9.1484,5.416e-15,2.3315e-15,9.1038e-17,3.6766e-30,2.3315e-09,2.4852e-09,
408,9.1727,5.6073e-15,1.6653e-15,1.1047e-16,3.823e-30,1.6653e-09,2.6801e-09,
409,9.1966,5.4701e-15,2.1094e-15,8.1046e-17,2.9598e-30,2.1094e-09,2.2306e-09,
410,9.2208,5.1923e-15,1.6098e-15,1.0048e-16,3.313e-30,1.6098e-09,2.4979e-09,
411,9.2453,5.0208e-15,2.1094e-15,8.4377e-17,3.0229e-30,2.1094e-09,2.2509e-09,
412,9.2696,4.9521e-15,1.6653e-15,1.1047e-16,4.0479e-30,1.6653e-09,2.7411e-09,
413,9.2934,5.4155e-15,2.1094e-15,1.0825e-16,4.2159e-30,2.1094e-09,2.7228e-09,
414,9.3176,5.2917e-15,1.4433e-15,8.8818e-17,2.5484e-30,1.4433e-09,2.163e-09,
415,9.3415,4.9873e-15,1.7764e-15,7.9936e-17,2.5237e-30,1.7764e-09,2.0888e-09,
416,9.3665,4.5971e-15,1.4433e-15,8.6597e-17,2.4375e-30,1.4433e-09,2.1126e-09,
417,9.3904,4.5665e-15,1.5543e-15,7.0499e-17,2.1066e-30,1.5543e-09,1.8248e-09,
418,9.4144,4.4392e-15,1.3323e-15,7.8826e-17,2.08e-30,1.3323e-09,1.9258e-09,
419,9.4383,4.1915e-15,1.7764e-15,7.9936e-17,2.5284e-30,1.7764e-09,2.059e-09,
420,9.4626,4.3161e-15,1.4433e-15,8.8818e-17,2.573e-30,1.4433e-09,2.1752e-09,
421,9.487,4.5282e-15,1.6653e-15,8.4377e-17,2.5761e-30,1.6653e-09,2.1357e-09,
422,9.5121,4.3493e-15,1.7764e-15,7.494e-17,2.2468e-30,1.7764e-09,1.966e-09,
423,9.5355,4.7061e-15,3.3307e-15,2.0539e-16,1.422e-29,3.3307e-09,5.0703e-09,
424,9.5606,7.4715e-15,1.1102e-15,4.774e-17,8.9209e-31,1.1102e-09,1.2429e-09,
425,9.5835,6.9288e-15,2.1094e-15,1.3101e-16,5.9261e-30,2.1094e-09,3.278e-09,
426,9.6091,4.8217e-15,5.5511e-16,3.3307e-17,3.6053e-31,5.5511e-10,8.1201e-10,
427,9.6321,4.1257e-15,1.5543e-15,6.1617e-17,1.6367e-30,1.5543e-09,1.6673e-09,
428,9.6555,2.866e-15,2.2204e-15,1.521e-16,7.317e-30,2.2204e-09,3.7024e-09,
429,9.6802,5.8585e-15,6.6613e-16,4.3854e-17,6.6136e-31,6.6613e-10,1.1033e-09,
430,9.7035,4.8658e-15,1.3323e-15,5.8842e-17,1.3393e-30,1.3323e-09,1.5193e-09,
431,9.727,2.8253e-15,2.5535e-15,1.5321e-16,8.0704e-30,2.5535e-09,3.821e-09,
432,9.7523,5.6533e-15,9.992e-16,4.1078e-17,6.6868e-31,9.992e-10,1.0881e-09,
433,9.7756,5.3253e-15,1.7764e-15,1.1435e-16,4.5375e-30,1.7764e-09,2.8859e-09,
434,9.8017,4.0397e-15,2.2204e-16,1.2212e-17,5.0845e-32,2.2204e-10,3.0112e-10,
435,9.823,3.4268e-15,2.5535e-15,1.2546e-16,5.8244e-30,2.5535e-09,3.163e-09,
436,9.8476,4.2427e-15,1.7764e-15,1.1213e-16,4.0294e-30,1.7764e-09,2.7477e-09,
437,9.8718,5.9802e-15,2.1094e-15,1.0658e-16,4.0321e-30,2.1094e-09,2.698e-09,
438,9.8957,5.4567e-15,1.7764e-15,8.5487e-17,2.5468e-30,1.7764e-09,2.1195e-09,
439,9.9197,5.4294e-15,1.7764e-15,9.4924e-17,3.2498e-30,1.7764e-09,2.4068e-09,
440,9.944,4.8709e-15,1.6653e-15,6.8834e-17,1.9244e-30,1.6653e-09,1.7984e-09,
441,9.9677,4.6637e-15,2.72e-15,1.7875e-16,1.0656e-29,2.72e-09,4.4547e-09,
442,9.9934,6.3651e-15,5.5511e-16,2.8866e-17,2.9313e-31,5.5511e-10,7.0014e-10,
443,10.0156,5.3969e-15,2.9976e-15,1.5821e-16,8.6886e-30,2.9976e-09,3.9402e-09,
444,10.0405,5.3069e-15,8.8818e-16,4.774e-17,7.5073e-31,8.8818e-10,1.1673e-09,
445,10.0636,5.5752e-15,2.3315e-15,1.2657e-16,5.7716e-30,2.3315e-09,3.212e-09,
446,10.0899,4.656e-15,6.6613e-16,2.6645e-17,2.8812e-31,6.6613e-10,7.1176e-10,
447,10.1124,4.5885e-15,2.1649e-15,1.471e-16,6.9984e-30,2.1649e-09,3.58e-09,
448,10.1373,4.606e-15,3.3307e-16,2.2204e-17,1.0785e-31,3.3307e-10,5.068e-10,
449,10.1595,4.1215e-15,1.7764e-15,8.3267e-17,2.3177e-30,1.7764e-09,2.0179e-09,
450,10.1834,3.2882e-15,1.6653e-15,1.0603e-16,3.3099e-30,1.6653e-09,2.5211e-09,
451,10.2079,4.6696e-15,1.6653e-15,6.3838e-17,1.7014e-30,1.6653e-09,1.7184e-09,
452,10.2314,4.3336e-15,3.1086e-15,1.9984e-16,1.1984e-29,3.1086e-09,4.7959e-09,
453,10.2562,6.9621e-15,9.992e-16,4.996e-17,8.9248e-31,9.992e-10,1.2606e-09,
454,10.2794,6.1346e-15,1.7764e-15,1.0936e-16,3.8815e-30,1.7764e-09,2.6731e-09,
455,10.3033,4.2965e-15,2.2204e-15,1.0325e-16,4.0679e-30,2.2204e-09,2.6785e-09,
456,10.3279,5.6381e-15,1.6653e-15,9.881e-17,3.142e-30,1.6653e-09,2.4273e-09,
457,10.3517,5.375e-15,1.8874e-15,8.3267e-17,2.7317e-30,1.8874e-09,2.1726e-09,
458,10.3758,4.9724e-15,1.4433e-15,9.881e-17,3.12e-30,1.4433e-09,2.4228e-09,
459,10.3997,4.6881e-15,1.7764e-15,7.4385e-17,2.3774e-30,1.7764e-09,1.9652e-09,
460,10.4238,4.4469e-15,1.5543e-15,8.6597e-17,2.57e-30,1.5543e-09,2.1472e-09,
461,10.4483,4.6321e-15,1.6653e-15,8.7708e-17,2.652e-30,1.6653e-09,2.158e-09,
462,10.4723,4.4846e-15,8.8818e-16,5.5511e-17,1.0246e-30,8.8818e-10,1.3445e-09,
463,10.4956,3.5139e-15,2.7756e-15,1.1213e-16,5.3125e-30,2.7756e-09,3.0198e-09,
464,10.5197,5.017e-15,2.1094e-15,1.2768e-16,5.3406e-30,2.1094e-09,3.1347e-09,
465,10.5435,6.9034e-15,2.6645e-15,1.2212e-16,5.7593e-30,2.6645e-09,3.1642e-09,
466,10.5681,6.6608e-15,1.9984e-15,1.0714e-16,3.7567e-30,1.9984e-09,2.6024e-09,
467,10.5923,6.4488e-15,2.2204e-15,1.199e-16,5.1615e-30,2.2204e-09,3.0357e-09,
468,10.6173,5.8085e-15,6.6613e-16,3.9968e-17,5.0883e-31,6.6613e-10,9.5969e-10,
469,10.6406,4.2027e-15,1.6653e-15,8.3267e-17,2.4544e-30,1.6653e-09,2.0868e-09,
470,10.6645,3.3217e-15,1.3323e-15,8.2157e-17,2.0985e-30,1.3323e-09,1.9649e-09,
471,10.6896,4.1815e-15,1.7764e-15,7.8271e-17,2.4178e-30,1.7764e-09,2.0442e-09,
472,10.7139,4.3656e-15,1.3323e-15,8.3267e-17,2.3003e-30,1.3323e-09,2.0038e-09,
473,10.7377,4.3976e-15,1.7764e-15,8.9928e-17,2.8985e-30,1.7764e-09,2.2575e-09,
474,10.7617,4.3432e-15,1.3323e-15,6.4393e-17,1.4148e-30,1.3323e-09,1.6048e-09,
475,10.7848,4.3711e-15,2.6645e-15,1.4488e-16,7.5177e-30,2.6645e-09,3.6656e-09,
476,10.8102,5.7366e-15,6.6613e-16,3.4417e-17,3.8365e-31,6.6613e-10,8.2779e-10,
477,10.8327,5.0591e-15,3.1086e-15,1.8319e-16,1.1268e-29,3.1086e-09,4.5235e-09,
478,10.8577,5.9598e-15,6.6613e-16,3.8303e-17,4.5182e-31,6.6613e-10,9.3236e-10,
479,10.8807,5.8591e-15,1.7764e-15,7.4385e-17,2.3223e-30,1.7764e-09,1.9728e-09,
480,10.9049,3.4523e-15,1.1102e-15,7.4385e-17,1.706e-30,1.1102e-09,1.7863e-09,
481,10.9295,4.1542e-15,1.5543e-15,7.383e-17,2.0943e-30,1.5543e-09,1.913e-09,
482,10.9535,3.8032e-15,1.1102e-15,6.5503e-17,1.4129e-30,1.1102e-09,1.6051e-09,
483,10.9776,3.746e-15,1.4433e-15,6.8279e-17,1.7383e-30,1.4433e-09,1.7322e-09,
484,11.0017,3.6428e-15,1.1102e-15,6.3283e-17,1.3898e-30,1.1102e-09,1.5648e-09,
485,11.0258,3.6235e-15,1.4433e-15,7.3275e-17,1.9383e-30,1.4433e-09,1.853e-09,
486,11.0504,3.5843e-15,1.1102e-15,6.1062e-17,1.2311e-30,1.1102e-09,1.4911e-09,
487,11.0737,3.6123e-15,2.9976e-15,1.3656e-16,7.2523e-30,2.9976e-09,3.5489e-09,
488,11.0987,5.707e-15,7.7716e-16,4.4964e-17,6.5058e-31,7.7716e-10,1.1255e-09,
489,11.1218,4.6349e-15,1.4433e-15,5.3291e-17,1.3066e-30,1.4433e-09,1.4854e-09,
490,11.1451,2.6465e-15,2.498e-15,1.5377e-16,7.3744e-30,2.498e-09,3.7674e-09,
491,11.1708,5.557e-15,7.7716e-16,3.9968e-17,6.0089e-31,7.7716e-10,1.0322e-09,
492,11.1943,4.7623e-15,1.5543e-15,8.2157e-17,2.2402e-30,1.5543e-09,2.0045e-09,
493,11.2183,3.4943e-15,1.7764e-15,9.4369e-17,3.2448e-30,1.7764e-09,2.3727e-09,
494,11.242,4.525e-15,1.3323e-15,6.5503e-17,1.513e-30,1.3323e-09,1.6147e-09,
495,11.2657,4.2379e-15,2.9976e-15,1.6986e-16,1.012e-29,2.9976e-09,4.2717e-09,
496,11.2918,6.224e-15,9.992e-16,4.6074e-17,7.3686e-31,9.992e-10,1.1551e-09,
497,11.3151,5.9788e-15,1.9984e-15,1.2212e-16,5.0937e-30,1.9984e-09,3.0517e-09,
498,11.3399,4.4812e-15,6.6613e-16,2.9976e-17,3.2702e-31,6.6613e-10,7.725e-10,
499,11.3621,4.154e-15,2.7756e-15,1.5765e-16,8.5804e-30,2.7756e-09,3.9665e-09,
500,11.3889,5.2963e-15,5.5511e-16,3.1641e-17,3.4089e-31,5.5511e-10,7.581e-10,
501,11.4149,5.1085e-15,3.1086e-15,1.4377e-16,8.06e-30,3.1086e-09,3.7452e-09,
502,11.4398,5.3443e-15,7.7716e-16,5.3291e-17,9.0288e-31,7.7716e-10,1.3076e-09,
503,11.4633,5.2468e-15,2.6645e-15,9.3814e-17,4.373e-30,2.6645e-09,2.693e-09,
504,11.4874,4.5793e-15,1.9429e-15,1.2601e-16,5.0248e-30,1.9429e-09,3.1102e-09,
505,11.5121,6.3791e-15,8.8818e-16,3.7748e-17,5.1191e-31,8.8818e-10,9.9731e-10,
506,11.5358,4.301e-15,1.6653e-15,8.7153e-17,2.5888e-30,1.6653e-09,2.1743e-09,
507,11.56,3.6583e-15,1.7764e-15,8.9373e-17,2.9016e-30,1.7764e-09,2.2539e-09,
508,11.5841,4.7085e-15,1.3323e-15,7.7716e-17,1.9983e-30,1.3323e-09,1.8839e-09,
509,11.6081,4.2413e-15,1.7764e-15,8.3267e-17,2.6547e-30,1.7764e-09,2.1496e-09,
510,11.6319,4.3443e-15,1.3323e-15,8.3267e-17,2.2191e-30,1.3323e-09,2.0167e-09,
511,11.6565,4.3286e-15,1.7764e-15,7.8826e-17,2.4178e-30,1.7764e-09,2.0484e-09,
512,11.6815,4.3722e-15,1.4433e-15,8.8818e-17,2.5657e-30,1.4433e-09,2.1679e-09,
513,11.7056,4.552e-15,1.6653e-15,8.1046e-17,2.4128e-30,1.6653e-09,2.0391e-09,
514,11.7293,4.3921e-15,1.4433e-15,8.1046e-17,2.1112e-30,1.4433e-09,1.9789e-09,
515,11.7535,4.4062e-15,1.6653e-15,7.8826e-17,2.2992e-30,1.6653e-09,2.0267e-09,
516,11.7781,4.4136e-15,1.3323e-15,6.7168e-17,1.5488e-30,1.3323e-09,1.6603e-09,
517,11.8012,4.1895e-15,3.1086e-15,1.6875e-16,1.0029e-29,3.1086e-09,4.2654e-09,
518,11.8261,6.3533e-15,9.992e-16,5.4401e-17,9.7529e-31,9.992e-10,1.3267e-09,
519,11.8496,5.967e-15,2.4425e-15,1.2768e-16,5.8533e-30,2.4425e-09,3.2268e-09,
520,11.875,4.8891e-15,5.5511e-16,3.9968e-17,4.811e-31,5.5511e-10,9.5663e-10,
521,11.8988,4.3708e-15,1.7764e-15,7.8826e-17,2.4995e-30,1.7764e-09,2.0807e-09,
522,11.9228,3.2537e-15,1.4433e-15,7.8826e-17,2.1312e-30,1.4433e-09,1.9787e-09,
523,11.947,4.5547e-15,1.8874e-15,9.6589e-17,3.2945e-30,1.8874e-09,2.4345e-09,
524,11.971,4.608e-15,1.3323e-15,8.1601e-17,2.102e-30,1.3323e-09,1.9652e-09,
525,11.995,4.4468e-15,1.6653e-15,7.2164e-17,2.1185e-30,1.6653e-09,1.9076e-09,
526,12.0193,4.2017e-15,1.2768e-15,7.9381e-17,2.0218e-30,1.2768e-09,1.9463e-09,
527,12.0437,3.9504e-15,1.5543e-15,6.6613e-17,1.949e-30,1.5543e-09,1.7622e-09,
528,12.0669,4.013e-15,2.6645e-15,1.5876e-16,8.3312e-30,2.6645e-09,3.9098e-09,
529,12.0915,6.5482e-15,1.1102e-15,5.7732e-17,1.1313e-30,1.1102e-09,1.4656e-09,
530,12.1147,5.8893e-15,1.9984e-15,1.0769e-16,3.8168e-30,1.9984e-09,2.5995e-09,
531,12.1391,4.6112e-15,2.1094e-15,1.1879e-16,4.8584e-30,2.1094e-09,2.9712e-09,
532,12.1641,5.7475e-15,6.6613e-16,1.8874e-17,2.3111e-31,6.6613e-10,6.2543e-10,
533,12.1856,4.286e-15,1.6098e-15,1.0769e-16,3.3542e-30,1.6098e-09,2.1257e-09,
534,12.2096,3.8022e-15,9.992e-16,5.107e-17,1.0246e-30,9.992e-10,1.0471e-09,
535,12.2319,6.1485e-15,4.0523e-15,2.6867e-16,2.1917e-29,4.0523e-09,5.3778e-09,
536,12.2574,1.2204e-14,7.2164e-16,4.774e-17,6.6868e-31,7.2164e-10,1.0507e-09,
537,12.2804,9.7544e-15,1.5543e-15,1.0325e-16,3.0337e-30,1.5543e-09,2.3426e-09,
538,12.3044,4.0482e-15,9.992e-16,7.4385e-17,1.5642e-30,9.992e-10,1.6835e-09,
539,12.3283,4.2512e-15,1.2212e-15,6.6613e-17,1.424e-30,1.2212e-09,1.6049e-09,
540,12.3525,3.4365e-15,9.992e-16,6.1617e-17,1.1097e-30,9.992e-10,1.4537e-09,
541,12.3759,3.2563e-15,2.8866e-15,1.3933e-16,7.0724e-30,2.8866e-09,3.526e-09,
542,12.4017,5.5219e-15,8.3267e-16,5.107e-17,7.7808e-31,8.3267e-10,1.2562e-09,
543,12.4256,4.8673e-15,8.8818e-16,2.2204e-17,4.0367e-31,8.8818e-10,8.0289e-10,
544,12.4485,2.4131e-15,2.72e-15,1.4488e-16,7.6379e-30,2.72e-09,3.8236e-09,
545,12.4743,4.985e-15,4.4409e-16,1.2212e-17,1.0631e-31,4.4409e-10,4.1214e-10,
546,12.5003,4.6298e-15,2.8866e-15,1.3711e-16,7.5885e-30,2.8866e-09,3.8028e-09,
547,12.5328,4.7152e-15,5.5511e-16,2.2204e-17,2.1301e-31,5.5511e-10,5.9068e-10,
548,12.5595,4.7187e-15,1.5543e-15,1.0325e-16,3.3249e-30,1.5543e-09,2.5224e-09,
549,12.5835,3.7276e-15,2.1094e-15,6.7724e-17,2.4975e-30,2.1094e-09,2.0006e-09,
550,12.6065,5.3455e-15,3.6082e-15,2.1261e-16,1.4978e-29,3.6082e-09,5.3436e-09,
551,12.632,8.1781e-15,1.1102e-15,4.5519e-17,8.7976e-31,1.1102e-09,1.223e-09,
552,12.6553,7.0618e-15,1.7764e-15,1.0991e-16,3.8877e-30,1.7764e-09,2.6913e-09,
553,12.6791,4.5729e-15,2.2204e-15,1.0658e-16,4.368e-30,2.2204e-09,2.7417e-09,
554,12.703,5.6123e-15,1.6653e-15,9.2149e-17,2.8488e-30,1.6653e-09,2.27e-09,
555,12.727,5.2999e-15,2.1094e-15,1.0658e-16,4.2062e-30,2.1094e-09,2.7253e-09,
556,12.7517,5.1177e-15,1.8874e-15,8.8818e-17,2.9089e-30,1.8874e-09,2.2598e-09,
557,12.7757,5.459e-15,1.9984e-15,1.0325e-16,3.8877e-30,1.9984e-09,2.6138e-09,
558,12.8004,5.4582e-15,1.4433e-15,7.8271e-17,2.0326e-30,1.4433e-09,1.9126e-09,
559,12.8246,4.8424e-15,1.6653e-15,8.6597e-17,2.6994e-30,1.6653e-09,2.181e-09,
560,12.8484,4.2602e-15,1.1102e-15,7.4385e-17,1.7765e-30,1.1102e-09,1.818e-09,
561,12.8733,3.8591e-15,1.5543e-15,6.3838e-17,1.7276e-30,1.5543e-09,1.7138e-09,
562,12.8972,3.8271e-15,1.1102e-15,7.2164e-17,1.6798e-30,1.1102e-09,1.7696e-09,
563,12.9212,3.7005e-15,1.6653e-15,6.2172e-17,1.7472e-30,1.6653e-09,1.6898e-09,
564,12.9444,3.9563e-15,2.609e-15,1.7208e-16,9.7853e-30,2.609e-09,4.2758e-09,
565,12.9695,6.7635e-15,1.2212e-15,6.7724e-17,1.5546e-30,1.2212e-09,1.6738e-09,
566,12.9939,5.9535e-15,1.1102e-15,4.996e-17,9.2791e-31,1.1102e-09,1.2763e-09,
567,13.0171,3.3636e-15,2.1094e-15,1.2879e-16,5.7408e-30,2.1094e-09,3.2325e-09,
568,13.0427,4.7142e-15,6.1062e-16,3.7748e-17,4.653e-31,6.1062e-10,9.3146e-10,
569,13.0659,4.006e-15,1.6653e-15,6.7724e-17,1.9433e-30,1.6653e-09,1.8169e-09,
570,13.0895,3.1296e-15,2.6645e-15,1.6487e-16,8.8966e-30,2.6645e-09,4.0207e-09,
571,13.1149,6.7956e-15,9.992e-16,5.6621e-17,1.117e-30,9.992e-10,1.4162e-09,
572,13.1381,5.8684e-15,1.8874e-15,7.9936e-17,2.5842e-30,1.8874e-09,2.1079e-09,
573,13.1621,4.147e-15,1.6653e-15,1.0103e-16,3.3176e-30,1.6653e-09,2.4573e-09,
574,13.1861,4.976e-15,1.4433e-15,5.3291e-17,1.3116e-30,1.4433e-09,1.4711e-09,
575,13.2093,4.3916e-15,1.7764e-15,1.2323e-16,4.8352e-30,1.7764e-09,2.9595e-09,
576,13.235,4.7339e-15,5.5511e-16,3.1641e-17,3.3319e-31,5.5511e-10,7.7818e-10,
577,13.2582,3.7198e-15,1.5543e-15,7.1609e-17,1.8678e-30,1.5543e-09,1.8275e-09,
578,13.2821,2.9748e-15,1.3323e-15,7.8826e-17,1.897e-30,1.3323e-09,1.915e-09,
579,13.3061,4.0695e-15,1.8874e-15,7.7716e-17,2.5072e-30,1.8874e-09,2.0719e-09,
580,13.3304,4.3753e-15,1.5543e-15,9.6589e-17,2.9293e-30,1.5543e-09,2.3727e-09,
581,13.3547,4.3915e-15,1.7764e-15,6.5503e-17,1.9768e-30,1.7764e-09,1.8198e-09,
582,13.3781,4.4029e-15,3.1641e-15,2.0095e-16,1.303e-29,3.1641e-09,4.9678e-09,
583,13.4029,7.5098e-15,1.2212e-15,5.4956e-17,1.1852e-30,1.2212e-09,1.4308e-09,
584,13.4262,6.9109e-15,2.2204e-15,1.2323e-16,5.1018e-30,2.2204e-09,3.0602e-09,
585,13.4501,5.2496e-15,2.5535e-15,1.1879e-16,5.3448e-30,2.5535e-09,3.0506e-09,
586,13.4745,6.664e-15,2.1094e-15,1.1657e-16,4.7289e-30,2.1094e-09,2.8687e-09,
587,13.4986,6.481e-15,2.4425e-15,1.1102e-16,4.7366e-30,2.4425e-09,2.8875e-09,
588,13.5227,6.3057e-15,1.7764e-15,9.992e-17,3.35e-30,1.7764e-09,2.481e-09,
589,13.5464,5.9451e-15,2.1094e-15,9.6034e-17,3.5472e-30,2.1094e-09,2.502e-09,
590,13.5717,5.453e-15,1.5543e-15,9.881e-17,3.0106e-30,1.5543e-09,2.3868e-09,
591,13.5963,5.1084e-15,1.9984e-15,6.8834e-17,2.4594e-30,1.9984e-09,1.9996e-09,
592,13.6198,5.1398e-15,3.3862e-15,2.0761e-16,1.3978e-29,3.3862e-09,5.1678e-09,
593,13.6454,7.8061e-15,1.3323e-15,6.6613e-17,1.6239e-30,1.3323e-09,1.6943e-09,
594,13.6695,6.9165e-15,1.1102e-15,5.6621e-17,1.1544e-30,1.1102e-09,1.4279e-09,
595,13.6925,3.4827e-15,2.7756e-15,1.41e-16,7.2141e-30,2.7756e-09,3.5988e-09,
596,13.7181,5.5059e-15,7.7716e-16,3.9968e-17,5.8587e-31,7.7716e-10,1.0162e-09,
597,13.7412,5.1428e-15,1.8874e-15,9.881e-17,3.39e-30,1.8874e-09,2.4416e-09,
598,13.7654,3.8278e-15,1.4433e-15,8.4377e-17,2.3901e-30,1.4433e-09,2.0937e-09,
599,13.7893,4.6295e-15,1.5543e-15,7.3275e-17,2.0665e-30,1.5543e-09,1.8636e-09,
600,13.815,4.1978e-15,1.1102e-15,6.8834e-17,1.575e-30,1.1102e-09,1.695e-09,
601,13.8433,3.7109e-15,1.2212e-15,6.3283e-17,1.4344e-30,1.2212e-09,1.587e-09,
602,13.8674,3.2955e-15,1.1102e-15,4.5519e-17,8.8439e-31,1.1102e-09,1.207e-09,
603,13.8905,3.2713e-15,1.9429e-15,1.3378e-16,5.695e-30,1.9429e-09,3.2235e-09,
604,13.9156,4.6601e-15,5.5511e-16,2.3315e-17,2.1262e-31,5.5511e-10,5.9339e-10,
605,13.9381,4.1455e-15,1.8874e-15,1.1768e-16,4.125e-30,1.8874e-09,2.7938e-09,
606,13.9639,3.7238e-15,3.3307e-16,1.4433e-17,7.7037e-32,3.3307e-10,3.8293e-10,
607,13.9856,3.509e-15,2.8866e-15,1.6709e-16,9.5268e-30,2.8866e-09,4.1184e-09,
608,14.0111,5.2605e-15,7.7716e-16,3.4972e-17,4.6415e-31,7.7716e-10,8.9589e-10,
609,14.0332,5.5664e-15,3.3307e-15,1.9207e-16,1.2593e-29,3.3307e-09,4.7438e-09,
610,14.0581,6.3719e-15,9.992e-16,3.7192e-17,6.0436e-31,9.992e-10,1.012e-09,
611,14.081,6.6637e-15,2.8866e-15,1.6875e-16,9.4817e-30,2.8866e-09,4.2208e-09,
612,14.1059,5.34e-15,6.6613e-16,1.9984e-17,2.4036e-31,6.6613e-10,6.3662e-10,
613,14.1281,5.2942e-15,1.5543e-15,6.9944e-17,1.9336e-30,1.5543e-09,1.868e-09,
614,14.1514,2.8325e-15,2.1094e-15,9.6034e-17,3.6689e-30,2.1094e-09,2.5919e-09,
615,14.1763,4.3527e-15,6.1062e-16,3.5527e-17,4.2525e-31,6.1062e-10,8.9548e-10,
616,14.2002,3.5546e-15,7.7716e-16,4.5519e-17,6.3363e-31,7.7716e-10,1.0886e-09,
617,14.224,1.8926e-15,1.7764e-15,1.0769e-16,3.6562e-30,1.7764e-09,2.5845e-09,
618,14.2483,3.8784e-15,1.5543e-15,7.8826e-17,2.1112e-30,1.5543e-09,1.9366e-09,
619,14.2713,4.6843e-15,3.4417e-15,1.9762e-16,1.3548e-29,3.4417e-09,4.9476e-09,
620,14.2965,7.2091e-15,6.6613e-16,4.3299e-17,5.4889e-31,6.6613e-10,1.0565e-09,
621,14.3202,6.4041e-15,2.1094e-15,7.3275e-17,2.6655e-30,2.1094e-09,2.1034e-09,
622,14.3445,3.9011e-15,1.7764e-15,1.1102e-16,3.9474e-30,1.7764e-09,2.7419e-09,
623,14.3688,5.2006e-15,2.1094e-15,8.1046e-17,2.8719e-30,2.1094e-09,2.2165e-09,
624,14.3928,5.0839e-15,1.6653e-15,9.7145e-17,3.1712e-30,1.6653e-09,2.4025e-09,
625,14.4167,5.3498e-15,2.1094e-15,8.9928e-17,3.182e-30,2.1094e-09,2.3593e-09,
626,14.4411,5.2641e-15,1.5543e-15,1.0547e-16,3.6069e-30,1.5543e-09,2.5925e-09,
627,14.4653,5.265e-15,2.2204e-15,9.881e-17,3.972e-30,2.2204e-09,2.5958e-09,
628,14.4896,5.2918e-15,1.5543e-15,9.2149e-17,3.0957e-30,1.5543e-09,2.2714e-09,
629,14.5135,5.2998e-15,1.8874e-15,7.7716e-17,2.6166e-30,1.8874e-09,2.0875e-09,
630,14.5374,5.0198e-15,1.4433e-15,9.1038e-17,2.8138e-30,1.4433e-09,2.2438e-09,
631,14.562,4.7823e-15,1.7764e-15,7.0499e-17,2.1343e-30,1.7764e-09,1.8896e-09,
632,14.5861,4.5962e-15,1.1657e-15,7.4385e-17,1.7333e-30,1.1657e-09,1.8158e-09,
633,14.61,3.8926e-15,1.6653e-15,5.107e-17,1.5438e-30,1.6653e-09,1.5847e-09,
634,14.6331,3.8961e-15,2.8866e-15,1.6598e-16,9.4051e-30,2.8866e-09,4.2707e-09,
635,14.658,6.0701e-15,6.6613e-16,1.8319e-17,2.315e-31,6.6613e-10,5.9853e-10,
636,14.6801,5.6087e-15,2.72e-15,5.9952e-17,3.7274e-30,2.72e-09,1.7401e-09,
637,14.7031,4.7924e-15,5.3846e-15,2.7034e-16,2.6372e-29,5.3846e-09,7.0534e-09,
638,14.7282,1.1681e-14,8.3267e-16,3.7748e-17,4.7147e-31,8.3267e-10,9.2646e-10,
639,14.7514,8.2813e-15,1.1657e-15,7.9381e-17,1.6998e-30,1.1657e-09,1.7665e-09,
640,14.7756,3.0975e-15,1.2212e-15,6.8279e-17,1.5442e-30,1.2212e-09,1.6895e-09,
641,14.8,3.5546e-15,1.1102e-15,4.885e-17,8.9864e-31,1.1102e-09,1.2431e-09,
642,14.8247,3.3675e-15,1.9429e-15,1.2934e-16,5.3314e-30,1.9429e-09,3.1874e-09,
643,14.8502,4.3827e-15,7.7716e-16,2.5535e-17,3.2702e-31,7.7716e-10,7.1902e-10,
644,14.8726,4.2985e-15,1.2768e-15,7.494e-17,1.6074e-30,1.2768e-09,1.7482e-09,
645,14.8965,2.6181e-15,3.8858e-16,2.1094e-17,1.5253e-31,3.8858e-10,4.445e-10,
646,14.9186,2.5183e-15,3.6082e-15,1.7875e-16,1.0396e-29,3.6082e-09,3.3118e-09,
647,14.9433,8.7822e-15,5.5511e-16,3.8858e-17,4.3487e-31,5.5511e-10,8.9235e-10,
648,14.9667,7.6008e-15,1.2212e-15,5.9952e-17,1.1987e-30,1.2212e-09,1.429e-09,
649,14.9896,3.037e-15,2.4425e-15,1.6709e-16,7.9537e-30,2.4425e-09,3.837e-09,
650,15.0145,6.0162e-15,6.6613e-16,2.387e-17,2.6539e-31,6.6613e-10,6.6697e-10,
651,15.0373,5.1746e-15,2.498e-15,1.5932e-16,8.3481e-30,2.498e-09,3.9632e-09,
652,15.0622,5.2184e-15,9.992e-16,4.6629e-17,8.2738e-31,9.992e-10,1.1833e-09,
653,15.0853,5.2834e-15,1.7764e-15,1.0436e-16,3.5591e-30,1.7764e-09,2.4976e-09,
654,15.1094,4.2604e-15,1.9984e-15,1.0492e-16,3.8168e-30,1.9984e-09,2.6344e-09,
655,15.1333,5.2381e-15,1.8874e-15,8.8818e-17,3.0461e-30,1.8874e-09,2.2851e-09,
656,15.1581,5.3893e-15,1.7208e-15,1.1213e-16,4.3495e-30,1.7208e-09,2.8345e-09,
657,15.1831,4.9523e-15,4.4409e-16,1.8874e-17,1.3404e-31,4.4409e-10,4.6873e-10,
658,15.2046,3.5865e-15,3.1641e-15,2.2538e-16,1.5007e-29,3.1641e-09,5.2156e-09,
659,15.2295,6.516e-15,1.1102e-15,3.2196e-17,6.6406e-31,1.1102e-09,1.0278e-09,
660,15.2516,7.2071e-15,1.6653e-15,6.4948e-17,1.7122e-30,1.6653e-09,1.7642e-09,
661,15.2763,2.742e-15,4.996e-16,2.8866e-17,2.7579e-31,4.996e-10,6.2503e-10,
662,15.2986,2.7296e-15,1.2212e-15,5.2736e-17,1.065e-30,1.2212e-09,1.242e-09,
663,15.321,2.5444e-15,4.1078e-15,2.9532e-16,2.4638e-29,4.1078e-09,6.4336e-09,
664,15.3459,1.0895e-14,1.4433e-15,9.6589e-17,2.9243e-30,1.4433e-09,2.2971e-09,
665,15.3699,9.7446e-15,1.5543e-15,6.7168e-17,1.7491e-30,1.5543e-09,1.7429e-09,
666,15.3935,4.2894e-15,2.6645e-15,1.571e-16,8.5515e-30,2.6645e-09,3.9424e-09,
667,15.4193,6.0714e-15,6.6613e-16,3.2196e-17,3.4821e-31,6.6613e-10,7.864e-10,
668,15.4419,5.2672e-15,2.9976e-15,1.6487e-16,9.325e-30,2.9976e-09,3.982e-09,
669,15.4667,5.6726e-15,9.992e-16,4.3299e-17,7.5381e-31,9.992e-10,1.1357e-09,
670,15.4897,5.9445e-15,1.8874e-15,1.2101e-16,5.1723e-30,1.8874e-09,3.024e-09,
671,15.5152,4.37e-15,5.5511e-16,1.8874e-17,1.7719e-31,5.5511e-10,5.2909e-10,
672,15.537,4.101e-15,2.6645e-15,1.3989e-16,6.0771e-30,2.6645e-09,3.3031e-09,
673,15.561,4.1329e-15,1.0547e-15,4.9405e-17,8.9094e-31,1.0547e-09,1.1605e-09,
674,15.5849,4.7939e-15,5.5511e-16,3.1086e-17,3.2047e-31,5.5511e-10,7.4021e-10,
675,15.608,2.2884e-15,1.1102e-15,5.6621e-17,1.0462e-30,1.1102e-09,1.3311e-09,
676,15.6318,2.5355e-15,2.1094e-15,1.3489e-16,5.8891e-30,2.1094e-09,3.2543e-09,
677,15.6565,4.8233e-15,9.992e-16,3.1086e-17,5.4542e-31,9.992e-10,9.337e-10,
678,15.6787,4.7889e-15,1.6653e-15,9.5479e-17,2.8812e-30,1.6653e-09,2.3033e-09,
679,15.7027,3.3679e-15,9.992e-16,3.6637e-17,6.3209e-31,9.992e-10,9.8433e-10,
680,15.7252,3.4987e-15,2.9976e-15,1.4044e-16,6.9229e-30,2.9976e-09,3.4492e-09,
681,15.7506,5.033e-15,6.6613e-16,2.9976e-17,4.5144e-31,6.6613e-10,8.7467e-10,
682,15.7728,4.9081e-15,2.5535e-15,1.521e-16,8.02e-30,2.5535e-09,3.8316e-09,
683,15.798,5.0293e-15,6.6613e-16,3.8858e-17,5.5775e-31,6.6613e-10,9.7302e-10,
684,15.8211,5.005e-15,1.7764e-15,8.6597e-17,2.8134e-30,1.7764e-09,2.2148e-09,
685,15.8452,3.5597e-15,1.7764e-15,6.7724e-17,2.0403e-30,1.7764e-09,1.8464e-09,
686,15.8688,5.0424e-15,2.5535e-15,1.7208e-16,9.6393e-30,2.5535e-09,4.2275e-09,
687,15.8942,6.2536e-15,5.5511e-16,3.1086e-17,3.4205e-31,5.5511e-10,7.8687e-10,
688,15.9176,5.0104e-15,1.4433e-15,5.6621e-17,1.4421e-30,1.4433e-09,1.5397e-09,
689,15.9407,2.8378e-15,2.3315e-15,1.4211e-16,6.7392e-30,2.3315e-09,3.5136e-09,
690,15.9655,5.9208e-15,1.2212e-15,5.8842e-17,1.3081e-30,1.2212e-09,1.5129e-09,
691,15.9903,5.4736e-15,9.992e-16,6.1062e-17,1.2592e-30,9.992e-10,1.5155e-09,
692,16.0145,3.0789e-15,2.6645e-15,1.3434e-16,6.5563e-30,2.6645e-09,3.4077e-09,
693,16.0396,5.0612e-15,8.8818e-16,4.774e-17,7.3532e-31,8.8818e-10,1.1712e-09,
694,16.0626,4.9211e-15,2.5535e-15,1.2101e-16,5.4034e-30,2.5535e-09,3.0434e-09,
695,16.0868,4.7603e-15,2.2204e-15,1.2157e-16,5.0972e-30,2.2204e-09,3.0309e-09,
696,16.1113,6.5919e-15,2.5535e-15,1.2657e-16,5.8167e-30,2.5535e-09,3.2303e-09,
697,16.1351,6.563e-15,2.1094e-15,1.1546e-16,4.655e-30,2.1094e-09,2.8708e-09,
698,16.1591,6.3985e-15,2.2204e-15,1.2657e-16,5.6364e-30,2.2204e-09,3.1605e-09,
699,16.1841,6.0133e-15,8.8818e-16,3.1086e-17,4.549e-31,8.8818e-10,8.621e-10,
700,16.2079,4.6864e-15,2.1649e-15,1.41e-16,6.1491e-30,2.1649e-09,3.3973e-09,
701,16.2358,4.2087e-15,3.3307e-16,9.992e-18,5.8548e-32,3.3307e-10,3.0003e-10,
702,16.2566,4.0898e-15,4.3854e-15,2.4869e-16,1.9458e-29,4.3854e-09,6.0775e-09,
703,16.2818,7.6583e-15,1.3323e-15,5.0515e-17,1.2006e-30,1.3323e-09,1.4117e-09,
704,16.3054,7.8211e-15,2.3315e-15,1.4544e-16,6.8136e-30,2.3315e-09,3.5931e-09,
705,16.3307,5.4916e-15,9.992e-16,3.6637e-17,6.0089e-31,9.992e-10,1.0075e-09,
706,16.3544,5.2588e-15,1.8874e-15,1.1435e-16,4.2386e-30,1.8874e-09,2.8609e-09,
707,16.38,3.9257e-15,7.7716e-16,2.6645e-17,3.405e-31,7.7716e-10,7.5287e-10,
708,16.4023,3.8596e-15,2.8866e-15,1.6653e-16,9.3523e-30,2.8866e-09,4.2433e-09,
709,16.4288,5.5929e-15,7.7716e-16,3.5527e-17,4.8726e-31,7.7716e-10,9.0749e-10,
710,16.4522,5.3227e-15,1.4433e-15,8.2157e-17,2.1956e-30,1.4433e-09,2.0202e-09,
711,16.4773,3.3969e-15,1.9984e-15,9.3259e-17,3.3696e-30,1.9984e-09,2.3901e-09,
712,16.5015,4.8286e-15,1.3323e-15,8.3267e-17,2.345e-30,1.3323e-09,2.0475e-09,
713,16.5255,4.6846e-15,1.9984e-15,9.4369e-17,3.3064e-30,1.9984e-09,2.4161e-09,
714,16.5504,4.6699e-15,1.4433e-15,8.2712e-17,2.1882e-30,1.4433e-09,2.0188e-09,
715,16.5748,4.8222e-15,1.7764e-15,8.5487e-17,2.7599e-30,1.7764e-09,2.1687e-09,
716,16.6001,4.5437e-15,1.4433e-15,8.6042e-17,2.4116e-30,1.4433e-09,2.103e-09,
717,16.628,4.4839e-15,1.6653e-15,7.8826e-17,2.3558e-30,1.6653e-09,2.0262e-09,
718,16.6525,4.4272e-15,1.4433e-15,6.6613e-17,1.6116e-30,1.4433e-09,1.6807e-09,
719,16.6771,4.3645e-15,2.8866e-15,1.7097e-16,1.0215e-29,2.8866e-09,4.3023e-09,
720,16.7032,6.3133e-15,7.2164e-16,4.5519e-17,6.3016e-31,7.2164e-10,1.0932e-09,
721,16.7275,5.2951e-15,2.1094e-15,8.5487e-17,3.1046e-30,2.1094e-09,2.2866e-09,
722,16.752,3.6805e-15,1.3323e-15,9.2149e-17,2.7441e-30,1.3323e-09,2.261e-09,
723,16.7765,4.9466e-15,1.9984e-15,7.7716e-17,2.6335e-30,1.9984e-09,2.0988e-09,
724,16.8006,4.7718e-15,1.5543e-15,9.992e-17,3.2864e-30,1.5543e-09,2.4598e-09,
725,16.8244,4.8317e-15,2.2204e-15,8.7708e-17,3.3007e-30,2.2204e-09,2.3813e-09,
726,16.8491,5.126e-15,1.5543e-15,1.0325e-16,3.313e-30,1.5543e-09,2.5098e-09,
727,16.8752,5.1572e-15,1.7764e-15,7.3275e-17,2.2649e-30,1.7764e-09,1.9633e-09,
728,16.8999,4.5489e-15,1.2768e-15,8.6042e-17,2.1882e-30,1.2768e-09,2.0731e-09,
729,16.9253,4.0283e-15,1.4433e-15,6.2172e-17,1.5565e-30,1.4433e-09,1.6343e-09,
730,16.9488,3.6583e-15,2.1649e-15,1.4988e-16,6.9426e-30,2.1649e-09,3.5731e-09,
731,16.9745,5.705e-15,1.2212e-15,5.9397e-17,1.2345e-30,1.2212e-09,1.508e-09,
732,16.9991,5.4186e-15,5.5511e-16,4.1078e-17,4.8572e-31,5.5511e-10,9.6233e-10,
733,17.0225,2.491e-15,1.9984e-15,7.5495e-17,2.63e-30,1.9984e-09,2.0888e-09,
734,17.0466,3.4937e-15,1.4988e-15,9.881e-17,3.0803e-30,1.4988e-09,2.4005e-09,
735,17.0705,4.8132e-15,1.9984e-15,7.3275e-17,2.5838e-30,1.9984e-09,2.0594e-09,
736,17.0954,4.838e-15,1.3878e-15,8.7708e-17,2.382e-30,1.3878e-09,2.1457e-09,
737,17.1193,4.5894e-15,1.7764e-15,7.5495e-17,2.3111e-30,1.7764e-09,1.9794e-09,
738,17.1434,4.334e-15,1.2212e-15,7.6605e-17,1.837e-30,1.2212e-09,1.8871e-09,
739,17.1676,4.2609e-15,1.9984e-15,8.7153e-17,2.9617e-30,1.9984e-09,2.2364e-09,
740,17.192,4.4648e-15,1.4433e-15,8.8263e-17,2.4702e-30,1.4433e-09,2.1297e-09,
741,17.2188,4.8816e-15,1.6653e-15,7.7716e-17,2.3866e-30,1.6653e-09,2.015e-09,
742,17.2431,4.4716e-15,9.992e-16,6.3838e-17,1.2407e-30,9.992e-10,1.5118e-09,
743,17.2672,3.7421e-15,9.992e-16,5.7732e-17,1.2311e-30,9.992e-10,1.4639e-09,
744,17.2916,2.8528e-15,6.6613e-16,4.0523e-17,4.7802e-31,6.6613e-10,9.3168e-10,
745,17.3145,2.4284e-15,1.5543e-15,7.9936e-17,2.2807e-30,1.5543e-09,1.9958e-09,
746,17.3397,3.2116e-15,9.4369e-16,6.5503e-17,1.265e-30,9.4369e-10,1.5401e-09,
747,17.3636,3.5214e-15,1.1102e-15,5.8842e-17,1.2603e-30,1.1102e-09,1.4755e-09,
748,17.3877,3.02e-15,6.1062e-16,4.1078e-17,4.7609e-31,6.1062e-10,9.5263e-10,
749,17.411,2.1268e-15,1.6653e-15,5.9952e-17,1.6979e-30,1.6653e-09,1.6953e-09,
750,17.434,2.9854e-15,3.1086e-15,1.904e-16,1.1414e-29,3.1086e-09,4.6909e-09,
751,17.4594,6.6758e-15,1.5543e-15,4.6629e-17,1.2946e-30,1.5543e-09,1.4297e-09,
752,17.4821,6.7565e-15,2.9976e-15,1.3212e-16,6.5516e-30,2.9976e-09,2.5684e-09,
753,17.506,6.4663e-15,2.276e-15,1.6431e-16,7.4664e-30,2.276e-09,3.4498e-09,
754,17.5309,1.0364e-14,2.2204e-16,9.4369e-18,3.4282e-32,2.2204e-10,2.3619e-10,
755,17.5514,5.0418e-15,2.6645e-15,9.3259e-17,4.8564e-30,2.6645e-09,2.6801e-09,
756,17.5772,4.6094e-15,5.5511e-16,1.8874e-17,1.9914e-31,5.5511e-10,5.8409e-10,
757,17.5992,4.3801e-15,1.6098e-15,5.3291e-17,1.6132e-30,1.6098e-09,1.6601e-09,
758,17.6232,2.2311e-15,9.992e-16,4.2744e-17,8.0928e-31,9.992e-10,1.1857e-09,
759,17.6456,3.0574e-15,3.7748e-15,1.8319e-16,1.2995e-29,3.7748e-09,4.782e-09,
760,17.6709,6.7787e-15,1.1102e-15,7.6605e-17,1.6798e-30,1.1102e-09,1.8376e-09,
761,17.6955,6.8348e-15,1.2212e-15,6.3283e-17,1.3994e-30,1.2212e-09,1.5838e-09,
762,17.7194,3.2891e-15,7.7716e-16,3.9968e-17,5.4735e-31,7.7716e-10,9.799e-10,
763,17.7426,2.836e-15,1.5543e-15,8.3267e-17,2.5287e-30,1.5543e-09,2.0965e-09,
764,17.7673,3.2931e-15,1.1102e-15,6.4393e-17,1.3836e-30,1.1102e-09,1.5856e-09,
765,17.7931,3.745e-15,1.2212e-15,6.8834e-17,1.6844e-30,1.2212e-09,1.7404e-09,
766,17.818,3.3083e-15,9.992e-16,5.1625e-17,9.0634e-31,9.992e-10,1.2706e-09,
767,17.8416,3.0487e-15,2.4425e-15,1.3933e-16,6.8305e-30,2.4425e-09,3.4842e-09,
768,17.8668,4.9862e-15,5.5511e-16,3.2196e-17,3.7594e-31,5.5511e-10,7.994e-10,
769,17.8893,4.4956e-15,3.6637e-15,1.6487e-16,1.0608e-29,3.6637e-09,4.266e-09,
770,17.9145,6.0977e-15,6.6613e-16,5.107e-17,7.1991e-31,6.6613e-10,1.1685e-09,
771,17.9382,6.209e-15,2.3315e-15,8.9928e-17,3.5114e-30,2.3315e-09,2.4474e-09,
772,17.9624,4.2599e-15,1.7764e-15,1.1546e-16,4.1323e-30,1.7764e-09,2.808e-09,
773,17.9863,5.4764e-15,1.9984e-15,8.4377e-17,2.783e-30,1.9984e-09,2.2116e-09,
774,18.0104,4.9396e-15,1.4988e-15,9.77e-17,2.855e-30,1.4988e-09,2.3485e-09,
775,18.0345,4.7678e-15,1.6653e-15,8.8818e-17,2.7641e-30,1.6653e-09,2.2245e-09,
776,18.0588,4.2648e-15,1.4433e-15,6.9944e-17,1.758e-30,1.4433e-09,1.7605e-09,
777,18.0829,4.2096e-15,1.3323e-15,8.6597e-17,2.6089e-30,1.3323e-09,2.1669e-09,
778,18.107,3.8224e-15,1.2212e-15,5.107e-17,1.0477e-30,1.2212e-09,1.3423e-09,
779,18.1303,3.6524e-15,2.1094e-15,1.3434e-16,6.1738e-30,2.1094e-09,3.3662e-09,
780,18.1553,4.9394e-15,8.8818e-16,2.9421e-17,4.3796e-31,8.8818e-10,8.5037e-10,
781,18.1779,4.7356e-15,2.1094e-15,1.2768e-16,5.4311e-30,2.1094e-09,3.1882e-09,
782,18.2035,4.0997e-15,3.3307e-16,1.6098e-17,9.1289e-32,3.3307e-10,3.9665e-10,
783,18.2263,3.6767e-15,2.5535e-15,1.7431e-16,9.3188e-30,2.5535e-09,4.1477e-09,
784,18.25,5.1145e-15,6.6613e-16,2.8311e-17,3.6092e-31,6.6613e-10,7.5424e-10,
785,18.2711,5.3313e-15,2.6645e-15,1.5987e-16,8.6066e-30,2.6645e-09,3.9078e-09,
786,18.2947,5.3193e-15,7.7716e-16,2.6645e-17,3.6246e-31,7.7716e-10,7.6673e-10,
787,18.3154,5.5768e-15,1.7208e-15,9.3259e-17,3.083e-30,1.7208e-09,2.3727e-09,
788,18.3377,2.9311e-15,6.1062e-16,3.4417e-17,4.3603e-31,6.1062e-10,8.3081e-10,
789,18.3592,3.3202e-15,3.8858e-16,2.4425e-17,1.9606e-31,3.8858e-10,5.9673e-10,
790,18.3814,1.3211e-15,1.3323e-15,9.6589e-17,2.5026e-30,1.3323e-09,2.1458e-09,
791,18.4042,3.1971e-15,1.4433e-15,9.6589e-17,2.9043e-30,1.4433e-09,2.3196e-09,
792,18.4268,4.288e-15,1.6653e-15,7.1054e-17,1.9198e-30,1.6653e-09,1.8226e-09,
793,18.4494,4.4374e-15,2.9421e-15,1.8985e-16,1.2195e-29,2.9421e-09,4.7639e-09,
794,18.4729,6.6122e-15,7.7716e-16,4.4409e-17,6.4596e-31,7.7716e-10,1.0884e-09,
795,18.4956,5.7191e-15,2.1094e-15,8.7708e-17,3.1893e-30,2.1094e-09,2.3165e-09,
796,18.5185,3.9626e-15,1.6653e-15,1.0769e-16,4.0186e-30,1.6653e-09,2.6612e-09,
797,18.5408,5.3956e-15,2.2204e-15,1.1213e-16,4.6103e-30,2.2204e-09,2.8244e-09,
798,18.5639,5.4584e-15,2.1094e-15,9.7145e-17,3.6597e-30,2.1094e-09,2.5066e-09,
799,18.5864,5.994e-15,1.7764e-15,1.1435e-16,4.2729e-30,1.7764e-09,2.8859e-09,
800,18.612,5.2169e-15,5.5511e-16,1.7764e-17,1.7564e-31,5.5511e-10,5.2522e-10,
801,18.6357,3.7471e-15,2.387e-15,1.1879e-16,4.5406e-30,2.387e-09,2.8108e-09,
802,18.659,3.7158e-15,6.6613e-16,2.72e-17,3.0853e-31,6.6613e-10,7.6112e-10,
803,18.6801,3.3218e-15,1.8874e-15,8.9928e-17,2.8985e-30,1.8874e-09,2.1831e-09,
804,18.703,3.5247e-15,1.3323e-15,8.6597e-17,2.2206e-30,1.3323e-09,2.0531e-09,
805,18.7266,4.5081e-15,1.6653e-15,6.7168e-17,1.8277e-30,1.6653e-09,1.7881e-09,
806,18.7496,3.9567e-15,1.1657e-15,7.8826e-17,1.9552e-30,1.1657e-09,1.9238e-09,
807,18.7724,4.0029e-15,1.3323e-15,6.5503e-17,1.5823e-30,1.3323e-09,1.6706e-09,
808,18.7951,3.515e-15,1.1102e-15,6.4393e-17,1.3882e-30,1.1102e-09,1.6176e-09,
809,18.818,3.4889e-15,1.5543e-15,5.8842e-17,1.5454e-30,1.5543e-09,1.5987e-09,
810,18.8405,3.7788e-15,2.387e-15,1.6098e-16,8.6316e-30,2.387e-09,3.9861e-09,
811,18.8639,6.331e-15,1.1102e-15,5.5511e-17,1.0959e-30,1.1102e-09,1.4113e-09,
812,18.8856,5.754e-15,2.1094e-15,1.0936e-16,3.9832e-30,2.1094e-09,2.6936e-09,
813,18.9086,4.7222e-15,2.2204e-15,1.1435e-16,4.707e-30,2.2204e-09,2.8898e-09,
814,18.9313,5.9695e-15,1.6653e-15,8.7708e-17,2.7333e-30,1.6653e-09,2.1849e-09,
815,18.9547,5.363e-15,2.1094e-15,1.0436e-16,3.9844e-30,2.1094e-09,2.6379e-09,
816,18.978,5.2753e-15,1.7764e-15,9.4369e-17,2.9906e-30,1.7764e-09,2.3189e-09,
817,19.0008,5.3441e-15,1.9984e-15,1.0214e-16,3.7656e-30,1.9984e-09,2.5799e-09,
818,19.024,5.1615e-15,1.7764e-15,9.77e-17,3.1928e-30,1.7764e-09,2.3976e-09,
819,19.047,5.1689e-15,1.8874e-15,8.8818e-17,2.9706e-30,1.8874e-09,2.2781e-09,
820,19.0707,5.0841e-15,1.5543e-15,8.5487e-17,2.4224e-30,1.5543e-09,2.1244e-09,
821,19.0936,4.7575e-15,1.5543e-15,7.7716e-17,2.1154e-30,1.5543e-09,1.9577e-09,
822,19.1162,4.2526e-15,1.2212e-15,6.3838e-17,1.441e-30,1.2212e-09,1.5833e-09,
823,19.1379,3.8144e-15,2.8866e-15,1.4988e-16,8.0581e-30,2.8866e-09,3.8097e-09,
824,19.1615,5.8097e-15,8.8818e-16,4.3854e-17,7.0296e-31,8.8818e-10,1.1127e-09,
825,19.184,5.5119e-15,2.1094e-15,1.0991e-16,4.4743e-30,2.1094e-09,2.7907e-09,
826,19.2077,4.3165e-15,1.7764e-15,8.6597e-17,2.6485e-30,1.7764e-09,2.1847e-09,
827,19.2306,5.3864e-15,1.7764e-15,1.0547e-16,3.8965e-30,1.7764e-09,2.6583e-09,
828,19.2533,4.933e-15,1.5543e-15,6.8834e-17,1.8181e-30,1.5543e-09,1.7767e-09,
829,19.275,4.6989e-15,2.9976e-15,1.9429e-16,1.2782e-29,2.9976e-09,4.8672e-09,
830,19.2992,6.8545e-15,1.1102e-15,5.3846e-17,1.0373e-30,1.1102e-09,1.3336e-09,
831,19.321,6.3639e-15,2.3315e-15,1.3212e-16,6.1044e-30,2.3315e-09,3.2941e-09,
832,19.3444,4.932e-15,7.7716e-16,3.5527e-17,4.5914e-31,7.7716e-10,8.8391e-10,
833,19.3654,4.607e-15,2.9976e-15,1.9429e-16,1.2246e-29,2.9976e-09,4.6712e-09,
834,19.3887,6.1171e-15,7.7716e-16,3.2196e-17,4.0213e-31,7.7716e-10,8.3298e-10,
835,19.4109,6.1936e-15,2.72e-15,1.7042e-16,9.6809e-30,2.72e-09,4.2398e-09,
836,19.4344,5.432e-15,7.7716e-16,2.2204e-17,3.2047e-31,7.7716e-10,7.1051e-10,
837,19.4553,5.5365e-15,7.2164e-16,3.6082e-17,4.5336e-31,7.2164e-10,8.7193e-10,
838,19.4771,1.9244e-15,7.7716e-16,4.6074e-17,6.6753e-31,7.7716e-10,9.7746e-10,
839,19.498,2.5726e-15,3.1086e-15,2.1982e-16,1.3434e-29,3.1086e-09,4.4701e-09,
840,19.5222,8.0282e-15,8.8818e-16,3.3307e-17,5.1615e-31,8.8818e-10,9.3105e-10,
841,19.5431,7.3356e-15,2.9976e-15,1.2546e-16,6.0074e-30,2.9976e-09,3.3527e-09,
842,19.5674,4.3927e-15,6.6613e-16,2.2204e-17,2.6693e-31,6.6613e-10,7.1354e-10,
843,19.5887,3.7453e-15,1.6098e-15,5.3291e-17,1.5084e-30,1.6098e-09,1.5776e-09,
844,19.6112,2.3629e-15,1.0547e-15,3.6637e-17,6.9488e-31,1.0547e-09,1.1361e-09,
845,19.6343,2.6184e-15,1.1102e-15,4.6629e-17,8.8939e-31,1.1102e-09,1.1905e-09,
846,19.6568,2.4187e-15,5.5511e-16,2.8866e-17,2.8966e-31,5.5511e-10,7.382e-10,
847,19.678,2.0348e-15,2.4425e-15,7.8826e-17,3.6839e-30,2.4425e-09,2.4458e-09,
848,19.7014,4.0309e-15,1.8319e-15,1.0325e-16,3.5483e-30,1.8319e-09,2.6237e-09,
849,19.7252,5.1592e-15,4.4409e-16,1.3323e-17,1.0785e-31,4.4409e-10,4.2287e-10,
850,19.7456,3.4035e-15,3.0531e-15,1.8097e-16,1.0885e-29,3.0531e-09,4.6106e-09,
851,19.7711,5.6353e-15,8.8818e-16,2.9976e-17,4.653e-31,8.8818e-10,8.8631e-10,
852,19.7942,5.7152e-15,2.9421e-15,1.9318e-16,1.2524e-29,2.9421e-09,4.7781e-09,
853,19.818,6.76e-15,9.992e-16,5.9397e-17,1.1929e-30,9.992e-10,1.4477e-09,
854,19.8401,6.3586e-15,7.7716e-16,3.6637e-17,4.965e-31,7.7716e-10,9.3674e-10,
855,19.8611,2.5564e-15,1.6098e-15,1.0436e-16,3.5714e-30,1.6098e-09,2.5661e-09,
856,19.8832,3.4434e-15,1.3323e-15,5.4956e-17,1.2607e-30,1.3323e-09,1.4526e-09,
857,19.9042,4.0016e-15,2.387e-15,1.5321e-16,8.0103e-30,2.387e-09,3.8955e-09,
858,19.9269,5.2845e-15,7.7716e-16,3.3307e-17,4.6376e-31,7.7716e-10,8.7828e-10,
859,19.9481,4.8546e-15,1.6098e-15,9.9365e-17,3.3561e-30,1.6098e-09,2.4907e-09,
860,19.9699,3.4356e-15,9.992e-16,4.5519e-17,7.5342e-31,9.992e-10,1.1497e-09,
861,19.9912,3.597e-15,1.8874e-15,1.2379e-16,5.1218e-30,1.8874e-09,3.083e-09,
862,20.0141,4.2496e-15,5.5511e-16,2.1094e-17,1.8489e-31,5.5511e-10,5.6426e-10,
863,20.0346,3.8893e-15,1.7764e-15,1.1324e-16,4.0629e-30,1.7764e-09,2.755e-09,
864,20.0571,3.5103e-15,3.3307e-16,1.2212e-17,6.6252e-32,3.3307e-10,3.3047e-10,
865,20.0768,3.4579e-15,1.2768e-15,5.6621e-17,1.3774e-30,1.2768e-09,1.4894e-09,
866,20.098,2.0894e-15,1.2212e-15,7.4385e-17,1.6409e-30,1.2212e-09,1.7222e-09,
867,20.1198,3.4877e-15,8.3267e-16,3.3307e-17,4.4874e-31,8.3267e-10,8.7817e-10,
868,20.1402,2.5648e-15,1.7208e-15,1.1435e-16,3.9797e-30,1.7208e-09,2.5669e-09,
869,20.163,4.4777e-15,1.4433e-15,7.5495e-17,1.9063e-30,1.4433e-09,1.8991e-09,
870,20.1854,4.9663e-15,6.6613e-16,3.8858e-17,4.653e-31,6.6613e-10,8.3577e-10,
871,20.2059,3.3906e-15,2.8866e-15,1.5876e-16,8.3543e-30,2.8866e-09,3.691e-09,
872,20.229,6.2316e-15,5.5511e-16,2.8866e-17,2.8696e-31,5.5511e-10,6.7536e-10,
873,20.2487,5.4851e-15,4.1078e-15,2.6146e-16,1.9474e-29,4.1078e-09,5.8667e-09,
874,20.2715,8.7859e-15,1.4433e-15,7.7161e-17,2.3223e-30,1.4433e-09,2.0086e-09,
875,20.2936,8.8676e-15,1.2212e-15,5.5511e-17,1.2033e-30,1.2212e-09,1.4183e-09,
876,20.3148,3.8695e-15,2.1649e-15,1.3434e-16,6.3251e-30,2.1649e-09,3.37e-09,
877,20.3378,4.9956e-15,5.5511e-16,1.4433e-17,1.587e-31,5.5511e-10,5.0461e-10,
878,20.3575,4.6382e-15,1.6653e-16,9.992e-18,4.16e-32,1.6653e-10,2.4294e-10,
879,20.3772,1.0357e-15,1.4988e-15,8.5487e-17,2.6643e-30,1.4988e-09,1.9844e-09,
880,20.3994,4.0619e-15,9.4369e-16,6.2172e-17,1.174e-30,9.4369e-10,1.3398e-09,
881,20.4207,5.2423e-15,1.6098e-15,8.8263e-17,2.7275e-30,1.6098e-09,1.9948e-09,
882,20.443,5.4876e-15,1.6098e-15,1.0048e-16,3.0742e-30,1.6098e-09,2.3398e-09,
883,20.4649,5.8489e-15,8.8818e-16,4.1078e-17,5.9973e-31,8.8818e-10,1.0016e-09,
884,20.4856,4.1112e-15,3.8303e-15,2.4869e-16,1.7994e-29,3.8303e-09,5.7187e-09,
885,20.5084,8.2626e-15,9.992e-16,3.6637e-17,6.2439e-31,9.992e-10,1.0003e-09,
886,20.5297,7.597e-15,1.8319e-15,1.0658e-16,3.6439e-30,1.8319e-09,2.6761e-09,
887,20.5526,3.8688e-15,5.5511e-16,2.2204e-17,1.8951e-31,5.5511e-10,5.8385e-10,
888,20.5731,3.5108e-15,1.8874e-15,1.2934e-16,5.2081e-30,1.8874e-09,3.1178e-09,
889,20.5963,4.411e-15,1.1102e-15,4.996e-17,9.8299e-31,1.1102e-09,1.2718e-09,
890,20.6182,4.7715e-15,1.7764e-15,1.0658e-16,3.6932e-30,1.7764e-09,2.6238e-09,
891,20.6404,4.3841e-15,2.1094e-15,1.0103e-16,3.6766e-30,2.1094e-09,2.5675e-09,
892,20.6631,5.5374e-15,1.6653e-15,9.7145e-17,3.0572e-30,1.6653e-09,2.3896e-09,
893,20.6854,5.2992e-15,2.1094e-15,9.992e-17,3.8322e-30,2.1094e-09,2.5513e-09,
894,20.7079,5.2437e-15,1.6653e-15,9.2149e-17,2.9417e-30,1.6653e-09,2.27e-09,
895,20.73,5.2598e-15,1.8874e-15,9.8255e-17,3.4547e-30,1.8874e-09,2.4676e-09,
896,20.7532,5.0111e-15,1.5543e-15,7.7716e-17,2.1509e-30,1.5543e-09,1.9524e-09,
897,20.7755,4.7812e-15,1.5543e-15,9.0483e-17,2.8107e-30,1.5543e-09,2.2819e-09,
898,20.798,4.3195e-15,1.4433e-15,6.4393e-17,1.587e-30,1.4433e-09,1.6623e-09,
899,20.8197,4.1786e-15,2.5535e-15,1.6376e-16,9.0954e-30,2.5535e-09,4.1152e-09,
900,20.8445,5.8768e-15,5.5511e-16,2.8311e-17,3.0545e-31,5.5511e-10,6.9078e-10,
901,20.8684,5.1274e-15,2.4425e-15,1.3767e-16,6.6083e-30,2.4425e-09,3.4241e-09,
902,20.8915,4.6567e-15,4.4409e-16,2.9976e-17,2.6501e-31,4.4409e-10,7.3243e-10,
903,20.9134,4.5202e-15,1.4433e-15,6.3283e-17,1.5257e-30,1.4433e-09,1.6285e-09,
904,20.9352,2.6998e-15,2.4425e-15,1.5488e-16,7.5315e-30,2.4425e-09,3.73e-09,
905,20.9587,6.0334e-15,1.3323e-15,6.1617e-17,1.4441e-30,1.3323e-09,1.5753e-09,
906,20.9816,5.8894e-15,8.8818e-16,5.7732e-17,1.0496e-30,8.8818e-10,1.3981e-09,
907,21.0041,2.9558e-15,1.3323e-15,5.3291e-17,1.216e-30,1.3323e-09,1.4225e-09,
908,21.0265,2.9947e-15,2.2204e-15,1.4211e-16,6.8059e-30,2.2204e-09,3.5488e-09,
909,21.0496,5.6337e-15,1.1102e-15,4.6629e-17,8.9517e-31,1.1102e-09,1.2043e-09,
910,21.0715,5.402e-15,1.8874e-15,1.2046e-16,4.6226e-30,1.8874e-09,2.9567e-09,
911,21.0944,4.403e-15,9.992e-16,3.2196e-17,5.6545e-31,9.992e-10,9.5232e-10,
912,21.1155,4.4822e-15,3.6637e-15,2.1205e-16,1.5218e-29,3.6637e-09,5.4007e-09,
913,21.1386,7.1318e-15,1.3323e-15,3.7748e-17,9.3369e-31,1.3323e-09,1.2316e-09,
914,21.1594,7.5076e-15,1.6653e-15,8.5487e-17,2.501e-30,1.6653e-09,1.6742e-09,
915,21.1817,4.0471e-15,1.0547e-15,8.5487e-17,1.934e-30,1.0547e-09,1.648e-09,
916,21.2041,6.1447e-15,8.8818e-16,5.0515e-17,7.6459e-31,8.8818e-10,1.0322e-09,
917,21.2261,4.4564e-15,1.7764e-15,1.2879e-16,4.5683e-30,1.7764e-09,2.7079e-09,
918,21.2485,5.432e-15,1.7764e-15,6.8279e-17,1.9094e-30,1.7764e-09,1.6701e-09,
919,21.27,6.221e-15,1.6653e-15,1.199e-16,3.8611e-30,1.6653e-09,2.5288e-09,
920,21.2925,5.3531e-15,8.8818e-16,4.2188e-17,5.6892e-31,8.8818e-10,9.4346e-10,
921,21.314,4.6044e-15,1.4433e-15,1.0436e-16,3.1312e-30,1.4433e-09,2.2136e-09,
922,21.3371,4.6524e-15,9.992e-16,3.9413e-17,6.6136e-31,9.992e-10,9.4448e-10,
923,21.358,4.7544e-15,1.8319e-15,1.3323e-16,5.0602e-30,1.8319e-09,2.6947e-09,
924,21.3806,5.4479e-15,1.3323e-15,7.2164e-17,1.6101e-30,1.3323e-09,1.5356e-09,
925,21.4029,6.3346e-15,8.8818e-16,6.8279e-17,1.3008e-30,8.8818e-10,1.4629e-09,
926,21.4259,3.6655e-15,5.5511e-16,2.1094e-17,2.3727e-31,5.5511e-10,6.0835e-10,
927,21.4468,2.5462e-15,2.2204e-15,1.1158e-16,4.2636e-30,2.2204e-09,2.7732e-09,
928,21.4701,3.8273e-15,4.4409e-16,2.1094e-17,1.5253e-31,4.4409e-10,4.9742e-10,
929,21.4902,3.8894e-15,1.7208e-15,1.1879e-16,4.3314e-30,1.7208e-09,2.5738e-09,
930,21.5127,3.7084e-15,7.7716e-16,4.996e-17,7.1336e-31,7.7716e-10,1.1914e-09,
931,21.5341,4.1498e-15,2.1094e-15,8.2157e-17,3.0337e-30,2.1094e-09,2.2556e-09,
932,21.5568,3.9142e-15,1.7208e-15,1.1102e-16,3.8919e-30,1.7208e-09,2.7215e-09,
933,21.5791,5.0566e-15,1.9984e-15,7.1054e-17,2.464e-30,1.9984e-09,2.0257e-09,
934,21.6016,5.0845e-15,1.6653e-15,9.77e-17,2.974e-30,1.6653e-09,2.4267e-09,
935,21.6246,4.6871e-15,1.6653e-15,6.5503e-17,1.8597e-30,1.6653e-09,1.7748e-09,
936,21.6463,4.2141e-15,2.6645e-15,1.7875e-16,1.0105e-29,2.6645e-09,4.3427e-09,
937,21.6693,6.9266e-15,1.2212e-15,5.6621e-17,1.2187e-30,1.2212e-09,1.459e-09,
938,21.6911,6.3053e-15,2.5535e-15,1.3767e-16,6.3714e-30,2.5535e-09,3.3923e-09,
939,21.7133,5.6424e-15,2.7756e-15,1.4655e-16,7.7885e-30,2.7756e-09,3.6984e-09,
940,21.737,7.4322e-15,7.7716e-16,4.9405e-17,8.3239e-31,7.7716e-10,1.2376e-09,
941,21.7583,5.1684e-15,2.3315e-15,8.1046e-17,3.2448e-30,2.3315e-09,2.3279e-09,
942,21.781,4.353e-15,1.5543e-15,1.0214e-16,3.3249e-30,1.5543e-09,2.5051e-09,
943,21.8034,5.3171e-15,1.9984e-15,7.8826e-17,2.684e-30,1.9984e-09,2.1479e-09,
944,21.8261,4.8059e-15,1.3878e-15,9.6034e-17,3.0634e-30,1.3878e-09,2.336e-09,
945,21.849,4.7748e-15,1.7764e-15,7.8826e-17,2.4791e-30,1.7764e-09,2.0675e-09,
946,21.8714,4.4669e-15,1.3323e-15,7.8826e-17,2.1863e-30,1.3323e-09,1.9435e-09,
947,21.8938,4.3945e-15,1.6653e-15,8.6597e-17,2.6963e-30,1.6653e-09,2.1794e-09,
948,21.9162,4.2171e-15,1.3323e-15,6.6613e-17,1.5562e-30,1.3323e-09,1.6606e-09,
949,21.9388,4.1916e-15,2.9976e-15,1.5377e-16,8.7703e-30,2.9976e-09,3.9158e-09,
950,21.9619,6.1179e-15,8.3267e-16,5.3291e-17,9.3215e-31,8.3267e-10,1.3e-09,
951,21.9842,5.292e-15,9.992e-16,3.1086e-17,5.6122e-31,9.992e-10,9.521e-10,
952,22.005,2.7812e-15,3.6637e-15,2.1483e-16,1.5355e-29,3.6637e-09,5.3949e-09,
953,22.0286,7.3753e-15,1.4433e-15,5.3291e-17,1.3393e-30,1.4433e-09,1.4928e-09,
954,22.0501,7.309e-15,2.387e-15,1.5599e-16,7.909e-30,2.387e-09,3.8512e-09,
955,22.0732,5.8867e-15,9.992e-16,4.3299e-17,7.6575e-31,9.992e-10,1.147e-09,
956,22.095,5.4754e-15,1.6653e-15,1.0159e-16,3.3546e-30,1.6653e-09,2.48e-09,
957,22.1172,4.098e-15,1.9984e-15,8.8263e-17,3.0649e-30,1.9984e-09,2.3011e-09,
958,22.1398,5.2099e-15,1.4433e-15,8.7153e-17,2.4532e-30,1.4433e-09,2.1197e-09,
959,22.1621,4.7842e-15,1.8874e-15,8.1046e-17,2.6674e-30,1.8874e-09,2.1416e-09,
960,22.1846,4.6311e-15,1.2212e-15,8.1046e-17,2.0215e-30,1.2212e-09,1.9672e-09,
961,22.2067,4.3611e-15,1.6653e-15,7.494e-17,2.1405e-30,1.6653e-09,1.9455e-09,
962,22.2298,4.1227e-15,1.1102e-15,7.8826e-17,1.9941e-30,1.1102e-09,1.9259e-09,
963,22.2522,4.0115e-15,1.7764e-15,7.3275e-17,2.4267e-30,1.7764e-09,1.9633e-09,
964,22.2747,4.2605e-15,1.2212e-15,6.9389e-17,1.6505e-30,1.2212e-09,1.7058e-09,
965,22.2969,4.3341e-15,1.5543e-15,7.3275e-17,2.0862e-30,1.5543e-09,1.9088e-09,
966,22.3194,3.8601e-15,1.2212e-15,7.605e-17,1.8616e-30,1.2212e-09,1.8516e-09,
967,22.3418,3.8982e-15,1.7764e-15,6.9944e-17,2.1262e-30,1.7764e-09,1.9153e-09,
968,22.3642,4.2549e-15,1.1102e-15,7.5495e-17,1.6887e-30,1.1102e-09,1.7915e-09,
969,22.3865,3.794e-15,1.4433e-15,4.4409e-17,1.1679e-30,1.4433e-09,1.3843e-09,
970,22.4081,3.6332e-15,2.609e-15,1.471e-16,7.3174e-30,2.609e-09,3.7387e-09,
971,22.4315,5.3007e-15,5.5511e-16,1.5543e-17,1.6332e-31,5.5511e-10,5.0114e-10,
972,22.4517,4.8314e-15,3.2196e-15,1.521e-16,8.2322e-30,3.2196e-09,3.9671e-09,
973,22.4748,5.034e-15,5.5511e-16,2.276e-17,2.3304e-31,5.5511e-10,6.0455e-10,
974,22.4956,5.1533e-15,1.7764e-15,6.2172e-17,1.9802e-30,1.7764e-09,1.8502e-09,
975,22.5183,2.6398e-15,1.2212e-15,5.9952e-17,1.4502e-30,1.2212e-09,1.5792e-09,
976,22.5407,3.6921e-15,2.276e-15,1.2434e-16,5.5482e-30,2.276e-09,3.2063e-09,
977,22.5641,5.371e-15,8.8818e-16,3.9968e-17,6.1013e-31,8.8818e-10,1.029e-09,
978,22.5858,4.9289e-15,1.4988e-15,9.6589e-17,2.9567e-30,1.4988e-09,2.3569e-09,
979,22.6082,3.6393e-15,1.8874e-15,7.7716e-17,2.5226e-30,1.8874e-09,2.0456e-09,
980,22.6312,4.6168e-15,1.4988e-15,9.4369e-17,2.8843e-30,1.4988e-09,2.3071e-09,
981,22.6535,4.4997e-15,1.7764e-15,8.2157e-17,2.5792e-30,1.7764e-09,2.1204e-09,
982,22.676,4.3732e-15,1.2768e-15,8.3267e-17,2.1555e-30,1.2768e-09,2.0154e-09,
983,22.6982,4.1163e-15,1.6653e-15,6.8279e-17,1.9448e-30,1.6653e-09,1.8061e-09,
984,22.7206,4.0768e-15,2.7756e-15,1.8596e-16,1.1037e-29,2.7756e-09,4.5009e-09,
985,22.7437,7.1123e-15,1.3323e-15,6.3283e-17,1.4483e-30,1.3323e-09,1.6034e-09,
986,22.7661,6.7387e-15,9.992e-16,4.996e-17,9.5526e-31,9.992e-10,1.2705e-09,
987,22.7877,3.3567e-15,2.2204e-15,1.3212e-16,5.9816e-30,2.2204e-09,3.2915e-09,
988,22.8108,4.6844e-15,5.5511e-16,2.5535e-17,2.2187e-31,5.5511e-10,6.3799e-10,
989,22.832,4.388e-15,2.1094e-15,1.3989e-16,6.6837e-30,2.1094e-09,3.5082e-09,
990,22.8556,4.4696e-15,5.5511e-16,1.7764e-17,1.6948e-31,5.5511e-10,5.3115e-10,
991,22.8755,4.5276e-15,1.1657e-15,9.5479e-17,2.419e-30,1.1657e-09,1.8872e-09,
992,22.8981,3.1409e-15,8.8818e-16,2.9976e-17,5.5005e-31,8.8818e-10,7.9492e-10,
993,22.9188,4.5412e-15,2.498e-15,1.5821e-16,7.3544e-30,2.498e-09,3.5109e-09,
994,22.9421,6.9696e-15,3.8858e-16,2.276e-17,1.6524e-31,3.8858e-10,5.492e-10,
995,22.9636,5.1235e-15,4.996e-16,1.8874e-17,1.5099e-31,4.996e-10,4.1547e-10,
996,22.9838,1.577e-15,3.8858e-15,2.6645e-16,2.0684e-29,3.8858e-09,5.7101e-09,
997,23.0069,1.0764e-14,1.1657e-15,4.4964e-17,9.88e-31,1.1657e-09,1.3381e-09,
998,23.0289,8.8494e-15,9.4369e-16,5.8287e-17,9.6181e-31,9.4369e-10,1.1788e-09,
999,23.0514,2.7528e-15,7.7716e-16,2.8866e-17,3.7941e-31,7.7716e-10,7.9402e-10,
1000,23.0738,2.6849e-15,1.9429e-15,1.1546e-16,4.2016e-30,1.9429e-09,2.4819e-09,
1001,23.0997,4.5434e-15,4.4409e-16,1.8874e-17,1.7603e-31,4.4409e-10,5.2089e-10,
1002,23.1203,4.2809e-15,3.2752e-15,1.9706e-16,1.3185e-29,3.2752e-09,4.9169e-09,
1003,23.144,6.1223e-15,8.8818e-16,4.5519e-17,7.4611e-31,8.8818e-10,1.1454e-09,
1004,23.1656,6.4213e-15,1.8874e-15,1.1657e-16,4.5729e-30,1.8874e-09,2.9178e-09,
1005,23.1891,4.1176e-15,6.6613e-16,2.0539e-17,2.4536e-31,6.6613e-10,6.328e-10,
1006,23.2094,4.0968e-15,1.9429e-15,1.199e-16,4.2401e-30,1.9429e-09,2.3741e-09,
1007,23.2324,4.319e-15,1.1657e-15,4.9405e-17,9.8954e-31,1.1657e-09,9.2469e-10,
1008,23.2536,6.937e-15,3.9968e-15,2.3426e-16,1.8472e-29,3.9968e-09,5.1852e-09,
1009,23.2768,1.1357e-14,6.6613e-16,4.4409e-17,6.0744e-31,6.6613e-10,1.022e-09,
1010,23.2986,8.3749e-15,7.7716e-16,4.996e-17,7.0104e-31,7.7716e-10,1.0034e-09,
1011,23.3207,2.6816e-15,1.7764e-15,1.1713e-16,4.0479e-30,1.7764e-09,2.4686e-09,
1012,23.3437,4.8957e-15,1.5543e-15,6.9944e-17,1.7657e-30,1.5543e-09,1.6673e-09,
1013,23.365,5.3649e-15,2.5535e-15,1.8097e-16,9.6917e-30,2.5535e-09,4.1432e-09,
1014,23.3885,6.4621e-15,5.5511e-16,2.3315e-17,2.0839e-31,5.5511e-10,5.8901e-10,
1015,23.4091,5.4611e-15,1.8874e-15,1.2601e-16,4.8984e-30,1.8874e-09,3.0559e-09,
1016,23.4328,3.6969e-15,4.4409e-16,1.5543e-17,1.2056e-31,4.4409e-10,4.3751e-10,
1017,23.4526,3.6369e-15,2.609e-15,1.5543e-16,8.0211e-30,2.609e-09,3.7896e-09,
1018,23.476,4.8343e-15,5.5511e-16,3.6082e-17,3.5013e-31,5.5511e-10,8.3944e-10,
1019,23.4969,4.4956e-15,3.2196e-15,1.4211e-16,8.0277e-30,3.2196e-09,3.7404e-09,
1020,23.5203,5.4667e-15,8.8818e-16,5.7732e-17,1.057e-30,8.8818e-10,1.3995e-09,
1021,23.5418,5.7467e-15,2.5535e-15,1.0214e-16,4.4296e-30,2.5535e-09,2.673e-09,
1022,23.5641,4.7037e-15,1.7208e-15,1.1713e-16,4.4886e-30,1.7208e-09,2.888e-09,
1023,23.5867,6.1261e-15,2.2204e-15,9.5479e-17,3.7009e-30,2.2204e-09,2.5113e-09,
1024,23.6092,5.6176e-15,1.6653e-15,1.0325e-16,3.6381e-30,1.6653e-09,2.5775e-09,
1025,23.6318,5.4893e-15,2.2204e-15,1.0658e-16,4.2124e-30,2.2204e-09,2.6973e-09,
1026,23.6543,5.4716e-15,1.5543e-15,9.881e-17,3.1447e-30,1.5543e-09,2.4089e-09,
1027,23.6766,5.3054e-15,1.8874e-15,8.8818e-17,3.0923e-30,1.8874e-09,2.3004e-09,
1028,23.6998,4.8494e-15,1.3323e-15,8.2157e-17,2.0326e-30,1.3323e-09,2.0195e-09,
1029,23.7223,4.3788e-15,1.6653e-15,8.7708e-17,2.7706e-30,1.6653e-09,2.2187e-09,
1030,23.7452,4.042e-15,1.3323e-15,7.1054e-17,1.7888e-30,1.3323e-09,1.7707e-09,
1031,23.7676,4.1856e-15,1.7764e-15,8.6597e-17,2.7163e-30,1.7764e-09,2.1995e-09,
1032,23.79,4.3627e-15,1.3323e-15,7.1054e-17,1.8011e-30,1.3323e-09,1.7699e-09,
1033,23.8123,4.3323e-15,1.3323e-15,6.9944e-17,1.7364e-30,1.3323e-09,1.7593e-09,
1034,23.8352,3.7661e-15,1.3323e-15,5.4956e-17,1.2438e-30,1.3323e-09,1.4423e-09,
1035,23.8567,3.7848e-15,2.1649e-15,1.4488e-16,6.9861e-30,2.1649e-09,3.608e-09,
1036,23.8803,5.0148e-15,6.6613e-16,3.1641e-17,3.4397e-31,6.6613e-10,7.9107e-10,
1037,23.9008,4.4529e-15,3.1086e-15,1.7208e-16,9.9085e-30,3.1086e-09,4.1537e-09,
1038,23.9241,5.8289e-15,6.6613e-16,4.4409e-17,5.9357e-31,6.6613e-10,1.0417e-09,
1039,23.9454,5.658e-15,1.9984e-15,8.9928e-17,2.8057e-30,1.9984e-09,2.2952e-09,
1040,23.9679,3.7258e-15,1.5543e-15,8.5487e-17,2.3866e-30,1.5543e-09,2.0761e-09,
1041,23.99,4.9979e-15,1.8874e-15,9.4369e-17,3.2433e-30,1.8874e-09,2.3931e-09,
1042,24.0125,4.7862e-15,1.5543e-15,8.7708e-17,2.4621e-30,1.5543e-09,2.1423e-09,
1043,24.0354,4.7233e-15,1.7764e-15,9.4369e-17,3.1539e-30,1.7764e-09,2.3764e-09,
1044,24.0577,4.6076e-15,1.4433e-15,7.1054e-17,1.7888e-30,1.4433e-09,1.7541e-09,
1045,24.0799,4.4118e-15,2.7756e-15,1.7597e-16,1.0647e-29,2.7756e-09,4.4141e-09,
1046,24.1033,6.166e-15,8.8818e-16,3.8858e-17,5.6584e-31,8.8818e-10,1.0076e-09,
1047,24.1241,5.8108e-15,3.3307e-15,2.1316e-16,1.5828e-29,3.3307e-09,5.3611e-09,
1048,24.1474,7.0169e-15,7.7716e-16,3.8858e-17,5.5005e-31,7.7716e-10,9.8501e-10,
1049,24.1688,6.817e-15,1.5543e-15,8.5487e-17,2.5854e-30,1.5543e-09,2.1094e-09,
1050,24.1913,3.3767e-15,1.1102e-15,6.1617e-17,1.3069e-30,1.1102e-09,1.5339e-09,
1051,24.2127,3.7584e-15,2.9976e-15,1.4932e-16,7.983e-30,2.9976e-09,3.7139e-09,
1052,24.2364,5.7602e-15,8.8818e-16,4.4964e-17,7.0605e-31,8.8818e-10,1.1213e-09,
1053,24.2579,5.5661e-15,1.9984e-15,1.0769e-16,4.0614e-30,1.9984e-09,2.7096e-09,
1054,24.2811,4.1538e-15,1.5543e-15,8.2157e-17,2.3882e-30,1.5543e-09,2.0667e-09,
1055,24.3036,4.9303e-15,1.8874e-15,1.0436e-16,3.6947e-30,1.8874e-09,2.548e-09,
1056,24.3265,4.7227e-15,1.6653e-15,6.4393e-17,1.7645e-30,1.6653e-09,1.7257e-09,
1057,24.3478,4.9906e-15,2.6645e-15,1.6986e-16,9.3277e-30,2.6645e-09,4.205e-09,
1058,24.3712,5.8279e-15,4.996e-16,3.3862e-17,3.4705e-31,4.996e-10,8.0904e-10,
1059,24.3925,4.5877e-15,1.5543e-15,6.2172e-17,1.55e-30,1.5543e-09,1.6292e-09,
1060,24.4147,2.9099e-15,2.72e-15,1.7875e-16,9.6393e-30,2.72e-09,4.275e-09,
1061,24.4381,6.468e-15,9.992e-16,4.2188e-17,6.891e-31,9.992e-10,1.0928e-09,
1062,24.4597,5.8123e-15,1.6098e-15,1.1269e-16,3.9231e-30,1.6098e-09,2.6849e-09,
1063,24.4822,4.2193e-15,1.9984e-15,1.0214e-16,3.7425e-30,1.9984e-09,2.5552e-09,
1064,24.5047,5.104e-15,1.5543e-15,9.1593e-17,2.5935e-30,1.5543e-09,2.1991e-09,
1065,24.527,4.8638e-15,1.6653e-15,8.9373e-17,2.8277e-30,1.6653e-09,2.227e-09,
1066,24.55,4.4905e-15,1.2212e-15,8.1046e-17,2.0014e-30,1.2212e-09,1.986e-09,
1067,24.5723,4.085e-15,1.5543e-15,6.9944e-17,1.9074e-30,1.5543e-09,1.7986e-09,
1068,24.5948,4.0521e-15,1.2212e-15,7.4385e-17,1.7703e-30,1.2212e-09,1.802e-09,
1069,24.617,3.9894e-15,1.2212e-15,7.2164e-17,1.7518e-30,1.2212e-09,1.7864e-09,
1070,24.6399,3.4766e-15,1.2212e-15,6.8279e-17,1.4641e-30,1.2212e-09,1.6284e-09,
1071,24.6627,3.4175e-15,2.8866e-15,1.5044e-16,7.8505e-30,2.8866e-09,3.6964e-09,
1072,24.6862,5.8788e-15,6.6613e-16,4.3854e-17,6.7677e-31,6.6613e-10,1.0917e-09,
1073,24.7078,5.166e-15,2.1094e-15,9.5479e-17,3.5241e-30,2.1094e-09,2.4643e-09,
1074,24.7298,3.9116e-15,1.7764e-15,9.881e-17,3.3607e-30,1.7764e-09,2.4676e-09,
1075,24.7525,5.4635e-15,1.9984e-15,9.992e-17,3.6766e-30,1.9984e-09,2.5443e-09,
1076,24.7746,5.198e-15,1.5543e-15,8.2157e-17,2.2776e-30,1.5543e-09,2.0057e-09,
1077,24.7968,4.9657e-15,1.5543e-15,9.1593e-17,2.954e-30,1.5543e-09,2.2871e-09,
1078,24.819,4.4003e-15,1.2212e-15,7.5495e-17,1.7611e-30,1.2212e-09,1.8254e-09,
1079,24.8417,3.9422e-15,1.2212e-15,6.3838e-17,1.4025e-30,1.2212e-09,1.5819e-09,
1080,24.8639,3.5531e-15,1.1102e-15,5.7732e-17,1.1787e-30,1.1102e-09,1.4793e-09,
1081,24.8862,3.3136e-15,2.8866e-15,1.3378e-16,6.6872e-30,2.8866e-09,3.3805e-09,
1082,24.9095,5.6105e-15,6.6613e-16,4.6074e-17,6.475e-31,6.6613e-10,1.0991e-09,
1083,24.9312,4.99e-15,1.8874e-15,9.2149e-17,3.0353e-30,1.8874e-09,2.336e-09,
1084,24.9534,3.5601e-15,1.5543e-15,8.3822e-17,2.3639e-30,1.5543e-09,2.0627e-09,
1085,24.9757,4.7446e-15,1.6653e-15,8.1046e-17,2.4502e-30,1.6653e-09,2.094e-09,
1086,24.9979,4.5297e-15,1.2212e-15,6.9944e-17,1.6517e-30,1.2212e-09,1.7046e-09,
1087,25.0204,4.0506e-15,1.4433e-15,6.6613e-17,1.7214e-30,1.4433e-09,1.7332e-09,
1088,25.043,3.7749e-15,1.2212e-15,5.6066e-17,1.2253e-30,1.2212e-09,1.4369e-09,
1089,25.0645,3.7887e-15,2.7756e-15,1.5987e-16,8.7792e-30,2.7756e-09,3.9677e-09,
1090,25.0875,5.8529e-15,9.992e-16,4.6629e-17,7.723e-31,9.992e-10,1.1888e-09,
1091,25.1091,5.6173e-15,2.4425e-15,1.2768e-16,5.9442e-30,2.4425e-09,3.2154e-09,
1092,25.132,4.8905e-15,6.6613e-16,3.7748e-17,4.7147e-31,6.6613e-10,9.256e-10,
1093,25.1534,4.4791e-15,1.6653e-15,8.8818e-17,2.8488e-30,1.6653e-09,2.2289e-09,
1094,25.1757,3.3826e-15,1.5543e-15,7.1054e-17,1.8693e-30,1.5543e-09,1.8037e-09,
1095,25.1974,4.5487e-15,2.8866e-15,1.7375e-16,1.0425e-29,2.8866e-09,4.3553e-09,
1096,25.2203,6.4514e-15,9.992e-16,4.3854e-17,7.3224e-31,9.992e-10,1.1262e-09,
1097,25.2422,5.901e-15,1.9984e-15,1.1657e-16,4.7763e-30,1.9984e-09,2.9383e-09,
1098,25.2652,4.278e-15,7.7716e-16,3.5527e-17,4.5336e-31,7.7716e-10,9.0619e-10,
1099,25.286,4.1061e-15,3.4417e-15,1.9817e-16,1.3798e-29,3.4417e-09,4.9941e-09,
1100,25.3104,6.6311e-15,1.1102e-15,5.7732e-17,1.1575e-30,1.1102e-09,1.4254e-09,
1101,25.3354,6.7968e-15,2.5535e-15,1.3656e-16,6.6083e-30,2.5535e-09,3.4386e-09,
1102,25.3584,5.2438e-15,7.7716e-16,4.1078e-17,5.8856e-31,7.7716e-10,1.0468e-09,
1103,25.3802,4.8781e-15,1.9984e-15,9.3259e-17,3.2005e-30,1.9984e-09,2.3748e-09,
1104,25.4024,3.7945e-15,1.5543e-15,9.77e-17,3.2186e-30,1.5543e-09,2.4085e-09,
1105,25.4253,4.9028e-15,1.7764e-15,9.992e-17,3.4174e-30,1.7764e-09,2.4832e-09,
1106,25.4483,4.6814e-15,1.5543e-15,7.1054e-17,1.8786e-30,1.5543e-09,1.8164e-09,
1107,25.4711,4.6409e-15,3.2196e-15,1.8541e-16,1.2037e-29,3.2196e-09,4.6484e-09,
1108,25.4946,6.8768e-15,1.1102e-15,4.3299e-17,8.0581e-31,1.1102e-09,1.1704e-09,
1109,25.5166,6.552e-15,1.7764e-15,1.0325e-16,3.4979e-30,1.7764e-09,2.5905e-09,
1110,25.5397,3.7156e-15,4.4409e-16,1.9429e-17,1.4213e-31,4.4409e-10,4.9745e-10,
1111,25.5597,3.1475e-15,3.2752e-15,2.2093e-16,1.6113e-29,3.2752e-09,5.4522e-09,
1112,25.5825,6.5872e-15,9.992e-16,3.9968e-17,6.552e-31,9.992e-10,1.0614e-09,
1113,25.6041,6.9908e-15,1.6653e-15,1.0159e-16,3.4162e-30,1.6653e-09,2.5413e-09,
1114,25.6271,3.4281e-15,3.3307e-16,1.5543e-17,1.2634e-31,3.3307e-10,4.2418e-10,
1115,25.6484,2.6087e-15,1.3323e-15,4.6629e-17,1.0816e-30,1.3323e-09,1.3255e-09,
1116,25.6692,2.1179e-15,4.7184e-15,2.881e-16,2.7735e-29,4.7184e-09,7.2799e-09,
1117,25.6929,9.7051e-15,3.8858e-16,1.8874e-17,1.4637e-31,3.8858e-10,5.363e-10,
1118,25.7136,8.4778e-15,4.4409e-16,2.72e-17,2.3458e-31,4.4409e-10,5.644e-10,
1119,25.7345,1.1359e-15,1.7764e-15,1.0936e-16,3.4517e-30,1.7764e-09,2.26e-09,
1120,25.7567,4.6671e-15,1.8874e-15,1.0769e-16,3.6797e-30,1.8874e-09,2.4216e-09,
1121,25.779,6.1307e-15,1.7764e-15,8.2712e-17,2.4363e-30,1.7764e-09,2.0247e-09,
1122,25.8012,5.3148e-15,1.5543e-15,9.3814e-17,2.9679e-30,1.5543e-09,2.3079e-09,
1123,25.8235,4.6753e-15,1.2212e-15,4.4964e-17,9.2791e-31,1.2212e-09,1.2454e-09,
1124,25.8455,4.011e-15,1.9429e-15,1.2323e-16,4.94e-30,1.9429e-09,3.0445e-09,
1125,25.8686,4.1397e-15,4.4409e-16,1.5543e-17,1.2018e-31,4.4409e-10,4.473e-10,
1126,25.8885,3.6524e-15,2.9976e-15,1.7653e-16,1.0308e-29,2.9976e-09,4.3433e-09,
1127,25.9115,5.2426e-15,4.4409e-16,2.8866e-17,2.5576e-31,4.4409e-10,6.8659e-10,
1128,25.9322,4.9722e-15,2.8866e-15,1.2323e-16,6.1399e-30,2.8866e-09,3.2501e-09,
1129,25.9544,4.7601e-15,2.2204e-15,1.4211e-16,6.5593e-30,2.2204e-09,3.4866e-09,
1130,25.9774,7.1718e-15,1.1102e-15,6.2172e-17,1.3697e-30,1.1102e-09,1.536e-09,
1131,25.9998,5.1882e-15,1.2212e-15,4.2188e-17,8.659e-31,1.2212e-09,1.1871e-09,
1132,26.0206,3.3886e-15,1.8874e-15,1.4655e-16,5.7335e-30,1.8874e-09,2.9547e-09,
1133,26.0441,5.0836e-15,6.6613e-16,2.4425e-17,2.6809e-31,6.6613e-10,6.59e-10,
1134,26.0657,5.0915e-15,2.2204e-15,1.3434e-16,5.7716e-30,2.2204e-09,3.2404e-09,
1135,26.0889,4.0797e-15,5.5511e-16,1.7764e-17,1.9606e-31,5.5511e-10,5.6416e-10,
1136,26.1095,4.0198e-15,1.9429e-15,7.9936e-17,2.6443e-30,1.9429e-09,2.192e-09,
1137,26.1325,2.7912e-15,3.3307e-16,1.8874e-17,1.2364e-31,3.3307e-10,4.723e-10,
1138,26.1531,2.5411e-15,1.6653e-15,5.2736e-17,1.6613e-30,1.6653e-09,1.6544e-09,
1139,26.1746,2.693e-15,2.9421e-15,1.7431e-16,9.9886e-30,2.9421e-09,4.3773e-09,
1140,26.1974,6.3889e-15,8.8818e-16,3.7748e-17,5.6892e-31,8.8818e-10,9.8439e-10,
1141,26.2191,5.5249e-15,1.5543e-15,9.4369e-17,2.8997e-30,1.5543e-09,2.2798e-09,
1142,26.2418,3.7758e-15,1.7764e-15,8.9928e-17,2.8816e-30,1.7764e-09,2.2652e-09,
1143,26.2641,4.7894e-15,1.2212e-15,8.2712e-17,2.162e-30,1.2212e-09,1.9887e-09,
1144,26.2863,4.2147e-15,1.4433e-15,6.5503e-17,1.7148e-30,1.4433e-09,1.7247e-09,
1145,26.3093,3.7382e-15,1.1102e-15,6.3283e-17,1.3096e-30,1.1102e-09,1.5554e-09,
1146,26.3317,3.6094e-15,9.992e-16,6.3283e-17,1.3547e-30,9.992e-10,1.5714e-09,
1147,26.354,2.959e-15,7.7716e-16,3.9413e-17,5.1499e-31,7.7716e-10,9.5846e-10,
1148,26.3779,2.4974e-15,1.6653e-15,9.4369e-17,3.0584e-30,1.6653e-09,2.3516e-09,
1149,26.4004,3.5028e-15,9.992e-16,6.5503e-17,1.2422e-30,9.992e-10,1.5331e-09,
1150,26.4226,3.7687e-15,1.3323e-15,6.9944e-17,1.7322e-30,1.3323e-09,1.7563e-09,
1151,26.4454,3.3059e-15,1.1102e-15,6.1062e-17,1.2988e-30,1.1102e-09,1.5292e-09,
1152,26.4669,3.4251e-15,2.8866e-15,1.4877e-16,7.8901e-30,2.8866e-09,3.6814e-09,
1153,26.49,5.6318e-15,6.6613e-16,3.7748e-17,4.4528e-31,6.6613e-10,9.256e-10,
1154,26.5116,5.2082e-15,1.7764e-15,1.0381e-16,3.7228e-30,1.7764e-09,2.5977e-09,
1155,26.5338,3.6079e-15,1.5543e-15,6.3283e-17,1.6286e-30,1.5543e-09,1.6713e-09,
1156,26.5552,4.7148e-15,2.72e-15,1.6431e-16,9.2121e-30,2.72e-09,4.1123e-09,
1157,26.5781,5.9431e-15,6.6613e-16,2.1094e-17,2.4806e-31,6.6613e-10,6.3639e-10,
1158,26.5979,5.2996e-15,2.0539e-15,1.3101e-16,5.029e-30,2.0539e-09,2.5895e-09,
1159,26.621,4.643e-15,1.6653e-16,1.2768e-17,4.1985e-32,1.6653e-10,2.7306e-10,
1160,26.6412,4.7062e-15,1.7764e-15,9.3259e-17,2.8585e-30,1.7764e-09,2.2076e-09,
1161,26.6641,3.5304e-15,1.7208e-15,1.0991e-16,3.5298e-30,1.7208e-09,2.6009e-09,
1162,26.6864,5.0403e-15,1.5543e-15,6.2728e-17,1.5966e-30,1.5543e-09,1.6568e-09,
1163,26.7079,4.2747e-15,2.8311e-15,1.8374e-16,9.9336e-30,2.8311e-09,4.375e-09,
1164,26.7308,6.5079e-15,1.3323e-15,3.9968e-17,9.8454e-31,1.3323e-09,1.2604e-09,
1165,26.7515,6.4957e-15,1.7208e-15,1.0658e-16,3.3003e-30,1.7208e-09,2.0522e-09,
1166,26.7738,4.3873e-15,1.2212e-15,9.5479e-17,2.4929e-30,1.2212e-09,1.9884e-09,
1167,26.796,6.2624e-15,1.1102e-15,4.996e-17,8.5704e-31,1.1102e-09,1.1547e-09,
1168,26.8173,4.0756e-15,1.7764e-15,1.2268e-16,4.4377e-30,1.7764e-09,2.7627e-09,
1169,26.8411,4.64e-15,4.4409e-16,2.3315e-17,1.7719e-31,4.4409e-10,5.6289e-10,
1170,26.8616,3.7556e-15,2.2204e-15,1.1324e-16,4.6165e-30,2.2204e-09,2.8639e-09,
1171,26.8839,4.0519e-15,1.8874e-15,9.6034e-17,3.3238e-30,1.8874e-09,2.4111e-09,
1172,26.9063,5.6996e-15,2.2204e-15,1.1657e-16,4.9119e-30,2.2204e-09,2.9329e-09,
1173,26.9285,5.6919e-15,1.8874e-15,9.4369e-17,3.0846e-30,1.8874e-09,2.3667e-09,
1174,26.9506,5.7375e-15,1.6653e-15,9.4924e-17,3.2005e-30,1.6653e-09,2.4019e-09,
1175,26.9731,4.9314e-15,1.4433e-15,7.1609e-17,1.7969e-30,1.4433e-09,1.8041e-09,
1176,26.9954,4.3363e-15,1.5543e-15,7.8826e-17,2.2849e-30,1.5543e-09,2.0087e-09,
1177,27.0178,4.1607e-15,1.1102e-15,6.6613e-17,1.4575e-30,1.1102e-09,1.6325e-09,
1178,27.0405,3.6533e-15,1.3323e-15,5.9952e-17,1.4425e-30,1.3323e-09,1.5768e-09,
1179,27.063,3.4038e-15,9.992e-16,5.5511e-17,1.0647e-30,9.992e-10,1.3647e-09,
1180,27.0846,3.2375e-15,2.7756e-15,1.3045e-16,6.5254e-30,2.7756e-09,3.3718e-09,
1181,27.1075,5.2197e-15,6.6613e-16,4.1633e-17,5.7046e-31,6.6613e-10,1.0015e-09,
1182,27.1289,4.8634e-15,1.6653e-15,9.2149e-17,2.7949e-30,1.6653e-09,2.2693e-09,
1183,27.1511,3.3983e-15,1.4433e-15,6.7724e-17,1.6471e-30,1.4433e-09,1.7018e-09,
1184,27.1725,4.3316e-15,2.9976e-15,1.7764e-16,1.1074e-29,2.9976e-09,4.4752e-09,
1185,27.1957,6.459e-15,7.7716e-16,5.218e-17,8.4587e-31,7.7716e-10,1.2546e-09,
1186,27.217,5.6989e-15,2.3315e-15,1.0547e-16,4.1034e-30,2.3315e-09,2.7154e-09,
1187,27.2399,4.3457e-15,1.8874e-15,1.0547e-16,3.6701e-30,1.8874e-09,2.5563e-09,
1188,27.2627,5.928e-15,2.1094e-15,1.1491e-16,4.8137e-30,2.1094e-09,2.9069e-09,
1189,27.2852,5.5212e-15,1.8874e-15,8.2157e-17,2.5996e-30,1.8874e-09,2.1311e-09,
1190,27.3075,5.5217e-15,1.7208e-15,1.0991e-16,4.177e-30,1.7208e-09,2.7736e-09,
1191,27.3304,4.9629e-15,6.6613e-16,2.4425e-17,2.8658e-31,6.6613e-10,6.9383e-10,
1192,27.3511,3.7558e-15,2.2204e-15,1.4211e-16,6.9981e-30,2.2204e-09,3.5971e-09,
1193,27.374,4.6153e-15,4.4409e-16,2.3315e-17,1.8643e-31,4.4409e-10,5.7375e-10,
1194,27.3945,4.3828e-15,1.8874e-15,1.1713e-16,4.618e-30,1.8874e-09,2.8946e-09,
1195,27.4176,3.8385e-15,6.6613e-16,3.3307e-17,4.2525e-31,6.6613e-10,8.6995e-10,
1196,27.4399,3.9604e-15,1.8874e-15,8.4377e-17,2.7502e-30,1.8874e-09,2.2006e-09,
1197,27.4622,3.5746e-15,1.4433e-15,8.1046e-17,2.1694e-30,1.4433e-09,2.0063e-09,
1198,27.4845,4.7486e-15,1.7764e-15,7.605e-17,2.3716e-30,1.7764e-09,2.0158e-09,
1199,27.5068,4.54e-15,1.2212e-15,7.6605e-17,1.8354e-30,1.2212e-09,1.8586e-09,
1200,27.5314,4.1371e-15,1.4433e-15,8.3267e-17,2.3188e-30,1.4433e-09,2.0493e-09,
1201,27.5566,3.7073e-15,1.1102e-15,5.4401e-17,1.1124e-30,1.1102e-09,1.378e-09,
1202,27.5783,3.5003e-15,2.5535e-15,1.3656e-16,6.7257e-30,2.5535e-09,3.4679e-09,
1203,27.6026,5.2261e-15,7.7716e-16,3.6637e-17,5.0228e-31,7.7716e-10,9.2079e-10,
1204,27.6246,4.9454e-15,1.7764e-15,8.9928e-17,2.912e-30,1.7764e-09,2.2929e-09,
1205,27.6478,3.5496e-15,1.5543e-15,7.8826e-17,2.2033e-30,1.5543e-09,1.9591e-09,
1206,27.67,4.5228e-15,1.3323e-15,8.4377e-17,2.419e-30,1.3323e-09,2.0979e-09,
1207,27.6921,3.9906e-15,1.1102e-15,5.2736e-17,1.005e-30,1.1102e-09,1.3299e-09,
1208,27.7135,3.4408e-15,2.2204e-15,1.3434e-16,5.955e-30,2.2204e-09,3.3522e-09,
1209,27.7365,4.9286e-15,7.7716e-16,3.0531e-17,3.979e-31,7.7716e-10,8.1949e-10,
1210,27.7572,4.6829e-15,2.6645e-15,1.7986e-16,1.0542e-29,2.6645e-09,4.4757e-09,
1211,27.7805,5.5819e-15,4.4409e-16,1.7764e-17,1.3443e-31,4.4409e-10,4.775e-10,
1212,27.8003,5.4132e-15,3.4972e-15,1.9484e-16,1.3134e-29,3.4972e-09,4.9784e-09,
1213,27.8234,5.8706e-15,7.7716e-16,3.6637e-17,4.9458e-31,7.7716e-10,9.2723e-10,
1214,27.8453,5.8709e-15,3.4417e-15,1.8541e-16,1.2161e-29,3.4417e-09,4.6437e-09,
1215,27.8687,6.3643e-15,7.7716e-16,4.5519e-17,6.5482e-31,7.7716e-10,1.0933e-09,
1216,27.8901,6.2847e-15,2.1094e-15,1.0658e-16,4.051e-30,2.1094e-09,2.6993e-09,
1217,27.9124,4.0692e-15,1.5543e-15,9.5479e-17,2.912e-30,1.5543e-09,2.3137e-09,
1218,27.9346,5.117e-15,1.7764e-15,1.0436e-16,3.8029e-30,1.7764e-09,2.6291e-09,
1219,27.9568,4.7435e-15,1.4433e-15,6.3838e-17,1.5519e-30,1.4433e-09,1.641e-09,
1220,27.9784,4.6259e-15,2.7756e-15,1.7431e-16,1.0109e-29,2.7756e-09,4.3198e-09,
1221,28.0015,6.1984e-15,8.8818e-16,5.1625e-17,8.8477e-31,8.8818e-10,1.296e-09,
1222,28.0229,5.5362e-15,2.3315e-15,1.027e-16,4.2297e-30,2.3315e-09,2.6991e-09,
1223,28.0458,4.4048e-15,1.8874e-15,1.0214e-16,3.553e-30,1.8874e-09,2.5302e-09,
1224,28.068,5.9123e-15,1.8874e-15,1.1213e-16,4.2821e-30,1.8874e-09,2.8202e-09,
1225,28.0902,5.3069e-15,1.5543e-15,7.7716e-17,2.08e-30,1.5543e-09,1.9322e-09,
1226,28.1125,4.8561e-15,1.5543e-15,9.4369e-17,3.14e-30,1.5543e-09,2.3625e-09,
1227,28.1348,4.3257e-15,1.5543e-15,6.7724e-17,1.8104e-30,1.5543e-09,1.7732e-09,
1228,28.1562,4.397e-15,3.1086e-15,1.8874e-16,1.2532e-29,3.1086e-09,4.7774e-09,
1229,28.1791,6.9556e-15,6.6613e-16,4.4409e-17,6.4249e-31,6.6613e-10,1.0675e-09,
1230,28.201,5.9549e-15,1.7764e-15,8.5487e-17,2.6408e-30,1.7764e-09,2.1794e-09,
1231,28.2235,3.5298e-15,1.3323e-15,6.9944e-17,1.6197e-30,1.3323e-09,1.7097e-09,
1232,28.2464,4.5407e-15,1.3323e-15,8.3267e-17,2.3608e-30,1.3323e-09,2.1073e-09,
1233,28.2692,3.4911e-15,9.992e-16,3.9413e-17,6.5058e-31,9.992e-10,1.0532e-09,
1234,28.2906,3.0824e-15,1.7208e-15,9.77e-17,3.2802e-30,1.7208e-09,2.5416e-09,
1235,28.3137,3.2339e-15,3.8858e-16,1.9984e-17,1.6332e-31,3.8858e-10,5.6602e-10,
1236,28.335,2.4205e-15,5.5511e-16,1.7208e-17,1.7295e-31,5.5511e-10,5.2302e-10,
1237,28.3548,1.142e-15,3.0531e-15,1.6431e-16,9.5249e-30,3.0531e-09,4.2418e-09,
1238,28.378,5.0778e-15,5.5511e-16,3.0531e-17,3.4243e-31,5.5511e-10,7.4348e-10,
1239,28.3987,5.1611e-15,1.8874e-15,1.1879e-16,4.4589e-30,1.8874e-09,2.8682e-09,
1240,28.4217,4.1245e-15,8.8818e-16,4.3299e-17,7.1645e-31,8.8818e-10,1.122e-09,
1241,28.444,4.058e-15,1.5543e-15,8.6042e-17,2.4101e-30,1.5543e-09,2.1065e-09,
1242,28.4667,3.5797e-15,1.6653e-15,8.9373e-17,2.8015e-30,1.6653e-09,2.237e-09,
1243,28.4891,4.516e-15,1.4433e-15,7.1609e-17,1.8169e-30,1.4433e-09,1.7748e-09,
1244,28.5109,4.3653e-15,3.4417e-15,1.8208e-16,1.1866e-29,3.4417e-09,4.597e-09,
1245,28.5338,6.9735e-15,7.7716e-16,4.774e-17,6.7523e-31,7.7716e-10,1.1506e-09,
1246,28.5551,6.2229e-15,2.1094e-15,9.77e-17,3.6504e-30,2.1094e-09,2.5262e-09,
1247,28.5778,4.1343e-15,1.5543e-15,8.7708e-17,2.5468e-30,1.5543e-09,2.1491e-09,
1248,28.5999,5.2663e-15,1.6653e-15,8.9373e-17,2.7229e-30,1.6653e-09,2.21e-09,
1249,28.6223,4.5812e-15,1.3323e-15,8.7708e-17,2.4563e-30,1.3323e-09,2.1426e-09,
1250,28.6451,4.21e-15,1.6653e-15,7.272e-17,2.0095e-30,1.6653e-09,1.865e-09,
1251,28.6674,4.2816e-15,1.3323e-15,8.6042e-17,2.3947e-30,1.3323e-09,2.106e-09,
1252,28.6896,4.2908e-15,1.7764e-15,7.494e-17,2.3192e-30,1.7764e-09,1.974e-09,
1253,28.7118,4.4479e-15,1.3323e-15,8.5487e-17,2.3947e-30,1.3323e-09,2.0994e-09,
1254,28.7339,4.4485e-15,1.7764e-15,9.6034e-17,3.256e-30,1.7764e-09,2.3898e-09,
1255,28.7562,4.4343e-15,1.1102e-15,7.7716e-17,1.8705e-30,1.1102e-09,1.8705e-09,
1256,28.7784,4.0798e-15,1.5543e-15,7.1054e-17,1.9413e-30,1.5543e-09,1.8381e-09,
1257,28.8017,3.7443e-15,1.1102e-15,7.4385e-17,1.758e-30,1.1102e-09,1.8079e-09,
1258,28.8238,3.7504e-15,1.4433e-15,6.3283e-17,1.5546e-30,1.4433e-09,1.6417e-09,
1259,28.8459,3.7161e-15,2.5535e-15,1.5876e-16,8.0723e-30,2.5535e-09,3.8495e-09,
1260,28.8687,6.2801e-15,8.8818e-16,5.218e-17,9.568e-31,8.8818e-10,1.3162e-09,
1261,28.8909,5.5334e-15,7.2164e-16,4.4964e-17,6.4904e-31,7.2164e-10,1.1101e-09,
1262,28.9124,2.1405e-15,1.8874e-15,6.3838e-17,2.1112e-30,1.8874e-09,1.864e-09,
1263,28.9341,3.5208e-15,3.0531e-15,1.8985e-16,1.1608e-29,3.0531e-09,4.7212e-09,
1264,28.9571,7.3089e-15,1.2212e-15,4.996e-17,1.1016e-30,1.2212e-09,1.3329e-09,
1265,28.9786,6.4732e-15,2.0539e-15,1.3656e-16,5.7901e-30,2.0539e-09,3.325e-09,
1266,29.0017,5.0989e-15,6.6613e-16,2.5535e-17,3.0237e-31,6.6613e-10,7.1153e-10,
1267,29.023,4.673e-15,2.2204e-15,1.3434e-16,6.1152e-30,2.2204e-09,3.3415e-09,
1268,29.0469,5.0534e-15,1.1102e-15,6.0507e-17,1.3131e-30,1.1102e-09,1.4996e-09,
1269,29.0689,5.1215e-15,1.1102e-15,4.774e-17,9.0172e-31,1.1102e-09,1.2454e-09,
1270,29.0902,3.0158e-15,1.9984e-15,1.1768e-16,4.8025e-30,1.9984e-09,2.98e-09,
1271,29.1132,4.4497e-15,7.7716e-16,2.2204e-17,3.1585e-31,7.7716e-10,7.2316e-10,
1272,29.1339,4.3718e-15,1.0547e-15,5.4401e-17,1.0311e-30,1.0547e-09,1.3343e-09,
1273,29.1563,2.2629e-15,6.6613e-16,2.8866e-17,4.0059e-31,6.6613e-10,8.3885e-10,
1274,29.177,2.0858e-15,3.2196e-15,1.4655e-16,8.1598e-30,3.2196e-09,3.735e-09,
1275,29.1999,5.5767e-15,9.4369e-16,5.9397e-17,1.1236e-30,9.4369e-10,1.4733e-09,
1276,29.2221,5.3459e-15,9.992e-16,3.1086e-17,5.5159e-31,9.992e-10,9.5133e-10,
1277,29.2434,2.696e-15,3.6082e-15,2.0928e-16,1.409e-29,3.6082e-09,5.253e-09,
1278,29.2663,6.7833e-15,1.1102e-15,3.8303e-17,7.5227e-31,1.1102e-09,1.0903e-09,
1279,29.2877,6.7183e-15,1.8319e-15,1.1713e-16,4.6103e-30,1.8319e-09,2.9065e-09,
1280,29.3105,4.6061e-15,6.6613e-16,3.9413e-17,5.4889e-31,6.6613e-10,9.9772e-10,
1281,29.3321,3.8406e-15,1.3323e-15,5.218e-17,1.1725e-30,1.3323e-09,1.4068e-09,
1282,29.3536,2.7914e-15,2.1649e-15,1.3212e-16,5.9061e-30,2.1649e-09,3.2631e-09,
1283,29.3766,4.6622e-15,4.4409e-16,1.9429e-17,1.5138e-31,4.4409e-10,5.1204e-10,
1284,29.3973,3.9649e-15,1.9984e-15,1.1158e-16,4.2282e-30,1.9984e-09,2.7655e-09,
1285,29.4195,3.7712e-15,1.6653e-15,7.2164e-17,2.0419e-30,1.6653e-09,1.8805e-09,
1286,29.4419,5.1637e-15,3.1086e-15,2.0095e-16,1.3678e-29,3.1086e-09,4.9747e-09,
1287,29.4656,7.0922e-15,8.8818e-16,5.107e-17,8.7399e-31,8.8818e-10,1.2673e-09,
1288,29.4878,6.236e-15,2.3315e-15,1.1657e-16,4.935e-30,2.3315e-09,2.9551e-09,
1289,29.5099,4.5392e-15,1.9984e-15,1.1546e-16,4.4281e-30,1.9984e-09,2.8386e-09,
1290,29.532,6.0309e-15,2.3315e-15,1.1657e-16,4.8487e-30,2.3315e-09,2.9636e-09,
1291,29.5539,5.9795e-15,1.9984e-15,1.0214e-16,3.5098e-30,1.9984e-09,2.5036e-09,
1292,29.5759,5.9281e-15,1.9984e-15,1.0436e-16,3.6947e-30,1.9984e-09,2.6147e-09,
1293,29.5977,5.5132e-15,1.6653e-15,8.5487e-17,2.419e-30,1.6653e-09,2.101e-09,
1294,29.6212,5.0453e-15,1.6653e-15,9.3259e-17,3.0722e-30,1.6653e-09,2.3482e-09,
1295,29.644,4.5975e-15,1.5543e-15,7.5495e-17,2.0434e-30,1.5543e-09,1.9051e-09,
1296,29.6667,4.4788e-15,1.5543e-15,8.3822e-17,2.5395e-30,1.5543e-09,2.1294e-09,
1297,29.6893,4.2069e-15,1.5543e-15,5.6621e-17,1.4437e-30,1.5543e-09,1.581e-09,
1298,29.711,4.3142e-15,2.1094e-15,1.3933e-16,6.1449e-30,2.1094e-09,3.4042e-09,
1299,29.7344,5.0422e-15,5.5511e-16,1.7764e-17,1.6486e-31,5.5511e-10,5.3115e-10,
1300,29.7568,4.2911e-15,1.1657e-15,9.3259e-17,2.4313e-30,1.1657e-09,1.8307e-09,
1301,29.7829,3.1061e-15,6.1062e-16,3.8858e-17,4.7147e-31,6.1062e-10,7.4769e-10,
1302,29.8038,4.1887e-15,2.609e-15,1.9873e-16,1.0802e-29,2.609e-09,3.8325e-09,
1303,29.8272,8.1436e-15,5.5511e-16,3.1086e-17,2.8658e-31,5.5511e-10,7.1385e-10,
1304,29.8482,6.8979e-15,2.5535e-15,1.7097e-16,8.6316e-30,2.5535e-09,3.995e-09,
1305,29.8717,5.405e-15,7.7716e-16,4.7184e-17,7.5843e-31,7.7716e-10,1.1423e-09,
1306,29.8935,5.2311e-15,2.3315e-15,1.1435e-16,4.8456e-30,2.3315e-09,2.834e-09,
1307,29.9164,4.3693e-15,1.8874e-15,1.0658e-16,3.8611e-30,1.8874e-09,2.6448e-09,
1308,29.939,5.8398e-15,1.8874e-15,9.9365e-17,3.5271e-30,1.8874e-09,2.5072e-09,
1309,29.9617,5.3145e-15,1.6653e-15,8.3267e-17,2.4066e-30,1.6653e-09,2.0909e-09,
1310,29.9841,4.9327e-15,1.8874e-15,9.6589e-17,3.3758e-30,1.8874e-09,2.436e-09,
1311,30.0069,4.9014e-15,1.6653e-15,8.3267e-17,2.5145e-30,1.6653e-09,2.088e-09,
1312,30.0291,4.9333e-15,1.5543e-15,9.992e-17,3.3742e-30,1.5543e-09,2.4812e-09,
1313,30.0517,4.3976e-15,1.2212e-15,5.5511e-17,1.1571e-30,1.2212e-09,1.441e-09,
1314,30.0731,3.8868e-15,2.5535e-15,1.4932e-16,7.7781e-30,2.5535e-09,3.708e-09,
1315,30.0968,5.5023e-15,7.7716e-16,3.4972e-17,4.7493e-31,7.7716e-10,9.0838e-10,
1316,30.1186,5.0212e-15,1.5543e-15,8.7708e-17,2.5299e-30,1.5543e-09,2.1351e-09,
1317,30.1416,3.3231e-15,1.3323e-15,4.8295e-17,1.0989e-30,1.3323e-09,1.3341e-09,
1318,30.1634,4.1616e-15,2.1094e-15,1.199e-16,4.5729e-30,2.1094e-09,2.9199e-09,
1319,30.1871,4.1996e-15,5.5511e-16,2.8311e-17,2.9621e-31,5.5511e-10,6.9506e-10,
1320,30.2089,3.4335e-15,3.2196e-15,1.6431e-16,9.1139e-30,3.2196e-09,3.9286e-09,
1321,30.2332,5.6306e-15,8.8818e-16,4.4964e-17,7.3378e-31,8.8818e-10,1.1416e-09,
1322,30.2548,5.9786e-15,2.2204e-15,1.0603e-16,4.2112e-30,2.2204e-09,2.704e-09,
1323,30.2779,4.2932e-15,1.8874e-15,1.0325e-16,3.6778e-30,1.8874e-09,2.5753e-09,
1324,30.3003,5.5984e-15,1.9984e-15,1.1324e-16,4.5221e-30,1.9984e-09,2.8196e-09,
1325,30.3232,5.3749e-15,1.5543e-15,7.7716e-17,2.1971e-30,1.5543e-09,1.9728e-09,
1326,30.3459,4.9253e-15,1.5543e-15,9.1038e-17,2.9829e-30,1.5543e-09,2.2371e-09,
1327,30.3687,4.4425e-15,9.992e-16,4.996e-17,9.3985e-31,9.992e-10,1.2623e-09,
1328,30.3906,3.7565e-15,2.2204e-15,1.1657e-16,5.0217e-30,2.2204e-09,2.9511e-09,
1329,30.4137,4.5642e-15,1.8874e-15,8.2712e-17,2.6643e-30,1.8874e-09,2.1254e-09,
1330,30.4364,5.7342e-15,1.6653e-15,1.0547e-16,3.6658e-30,1.6653e-09,2.5462e-09,
1331,30.4593,4.9543e-15,1.2212e-15,5.3291e-17,1.0939e-30,1.2212e-09,1.3651e-09,
1332,30.4809,4.1221e-15,2.2204e-15,1.4377e-16,6.6549e-30,2.2204e-09,3.496e-09,
1333,30.5049,5.0854e-15,5.5511e-16,2.1094e-17,1.741e-31,5.5511e-10,5.6724e-10,
1334,30.526,4.6149e-15,1.4433e-15,9.6589e-17,3.0522e-30,1.4433e-09,2.3955e-09,
1335,30.5492,3.1123e-15,1.3323e-15,3.3307e-17,9.1674e-31,1.3323e-09,1.2172e-09,
1336,30.5701,4.0344e-15,1.6653e-15,9.6034e-17,2.6505e-30,1.6653e-09,1.8196e-09,
1337,30.5932,4.0525e-15,9.4369e-16,3.4972e-17,5.7816e-31,9.4369e-10,7.188e-10,
1338,30.6142,5.5797e-15,3.8303e-15,2.1538e-16,1.5521e-29,3.8303e-09,4.6722e-09,
1339,30.638,9.9834e-15,4.996e-16,2.9976e-17,2.573e-31,4.996e-10,6.417e-10,
1340,30.659,8.132e-15,1.4988e-15,1.0991e-16,3.2652e-30,1.4988e-09,2.3987e-09,
1341,30.6819,3.8924e-15,1.2768e-15,8.4377e-17,1.9752e-30,1.2768e-09,1.879e-09,
1342,30.7046,5.1086e-15,1.3323e-15,6.4393e-17,1.4021e-30,1.3323e-09,1.5686e-09,
1343,30.7268,4.1069e-15,2.387e-15,1.682e-16,8.1401e-30,2.387e-09,3.9037e-09,
1344,30.7502,6.1108e-15,1.2212e-15,6.2172e-17,1.3177e-30,1.2212e-09,1.5432e-09,
1345,30.7739,5.6458e-15,1.2212e-15,5.8842e-17,1.2665e-30,1.2212e-09,1.519e-09,
1346,30.7963,3.4568e-15,2.6645e-15,1.521e-16,8.0585e-30,2.6645e-09,3.7921e-09,
1347,30.8202,5.6547e-15,7.7716e-16,2.9976e-17,4.0984e-31,7.7716e-10,8.1377e-10,
1348,30.8413,5.2574e-15,2.3315e-15,1.6209e-16,8.6266e-30,2.3315e-09,3.9391e-09,
1349,30.8652,5.1352e-15,6.6613e-16,2.6645e-17,3.0237e-31,6.6613e-10,7.0318e-10,
1350,30.886,5.1223e-15,2.5535e-15,1.5377e-16,7.4376e-30,2.5535e-09,3.728e-09,
1351,30.9101,4.6207e-15,4.4409e-16,1.9984e-17,1.5407e-31,4.4409e-10,5.1723e-10,
1352,30.9308,4.369e-15,2.2204e-15,1.1657e-16,4.7193e-30,2.2204e-09,2.8694e-09,
1353,30.9538,4.0575e-15,1.6653e-15,8.8818e-17,2.7133e-30,1.6653e-09,2.2281e-09,
1354,30.9761,5.4683e-15,1.6653e-15,1.0103e-16,3.442e-30,1.6653e-09,2.5259e-09,
1355,30.9992,4.6258e-15,1.5543e-15,6.6613e-17,1.8042e-30,1.5543e-09,1.7416e-09,
1356,31.0209,4.4314e-15,2.6645e-15,1.7597e-16,1.0414e-29,2.6645e-09,4.366e-09,
1357,31.0447,6.1493e-15,6.6613e-16,1.7764e-17,3.147e-31,6.6613e-10,6.1439e-10,
1358,31.0648,5.8114e-15,1.3878e-15,5.8842e-17,1.4548e-30,1.3878e-09,1.3214e-09,
1359,31.0868,2.775e-15,2.498e-15,1.1158e-16,4.3576e-30,2.498e-09,2.307e-09,
1360,31.1094,8.1612e-15,1.8319e-15,1.1768e-16,4.2186e-30,1.8319e-09,2.6698e-09,
1361,31.1334,8.0018e-15,2.2204e-16,1.4433e-17,7.7037e-32,2.2204e-10,3.3977e-10,
1362,31.1538,3.5012e-15,2.1094e-15,8.9928e-17,3.0892e-30,2.1094e-09,2.2072e-09,
1363,31.1772,3.8018e-15,1.7208e-15,1.0048e-16,3.296e-30,1.7208e-09,2.4459e-09,
1364,31.1996,4.9202e-15,9.992e-16,4.4409e-17,7.723e-31,9.992e-10,1.1567e-09,
1365,31.2218,3.4328e-15,1.8874e-15,1.199e-16,4.8537e-30,1.8874e-09,2.9799e-09,
1366,31.245,4.2666e-15,6.6613e-16,1.4988e-17,2.2533e-31,6.6613e-10,6.0363e-10,
1367,31.2655,4.275e-15,1.5543e-15,4.5519e-17,1.2804e-30,1.5543e-09,1.0333e-09,
1368,31.2867,2.9006e-15,6.1617e-15,3.9413e-16,4.7669e-29,6.1617e-09,8.9635e-09,
1369,31.3114,1.6394e-14,2.276e-15,5.1625e-17,2.6042e-30,2.276e-09,1.4364e-09,
1370,31.3333,1.0854e-14,1.9984e-15,7.0499e-17,2.5041e-30,1.9984e-09,2.1775e-09,
1371,31.3562,5.745e-15,6.1062e-16,3.4417e-17,4.083e-31,6.1062e-10,8.0111e-10,
1372,31.3781,3.0875e-15,5.5511e-16,1.8874e-17,1.7719e-31,5.5511e-10,5.5351e-10,
1373,31.3995,1.7291e-15,3.0531e-15,1.5432e-16,8.4991e-30,3.0531e-09,3.8039e-09,
1374,31.4231,5.7645e-15,9.4369e-16,4.3299e-17,6.7022e-31,9.4369e-10,1.1238e-09,
1375,31.4453,5.3913e-15,1.2212e-15,4.996e-17,1.0974e-30,1.2212e-09,1.3003e-09,
1376,31.4671,2.6893e-15,2.0539e-15,1.249e-16,4.957e-30,2.0539e-09,3.0192e-09,
1377,31.491,4.7655e-15,7.7716e-16,1.9984e-17,3.1585e-31,7.7716e-10,7.1202e-10,
1378,31.5118,4.4187e-15,2.3315e-15,1.2323e-16,5.8194e-30,2.3315e-09,3.3859e-09,
1379,31.5357,4.0209e-15,3.3307e-16,9.992e-18,6.0089e-32,3.3307e-10,3.1224e-10,
1380,31.5549,3.9971e-15,2.2204e-15,1.299e-16,4.9184e-30,2.2204e-09,2.4757e-09,
1381,31.578,4.6052e-15,1.2768e-15,7.5495e-17,1.6875e-30,1.2768e-09,1.3813e-09,
1382,31.5996,7.9355e-15,2.3315e-15,1.8929e-16,9.4744e-30,2.3315e-09,3.7076e-09,
1383,31.6235,8.8589e-15,6.6613e-16,2.2204e-17,2.5576e-31,6.6613e-10,6.5427e-10,
1384,31.6436,6.3069e-15,1.3878e-15,6.8279e-17,1.726e-30,1.3878e-09,1.8072e-09,
1385,31.6667,2.1139e-15,4.4409e-16,2.498e-17,2.2533e-31,4.4409e-10,4.8211e-10,
1386,31.6868,2.8397e-15,3.4972e-15,1.6431e-16,1.2107e-29,3.4972e-09,3.8702e-09,
1387,31.7099,9.2765e-15,2.3315e-15,1.5987e-16,7.0493e-30,2.3315e-09,3.2555e-09,
1388,31.7333,1.2334e-14,3.3307e-16,1.5543e-17,8.8208e-32,3.3307e-10,3.8571e-10,
1389,31.7537,5.3324e-15,2.4425e-15,1.0492e-16,4.2944e-30,2.4425e-09,2.7406e-09,
1390,31.7756,3.8662e-15,3.9968e-15,1.8541e-16,1.1779e-29,3.9968e-09,4.5752e-09,
1391,31.7992,8.0448e-15,1.2212e-15,5.7732e-17,1.3589e-30,1.2212e-09,1.5312e-09,
1392,31.8211,6.7689e-15,2.2204e-15,1.1047e-16,4.5502e-30,2.2204e-09,2.8348e-09,
1393,31.8442,5.2178e-15,2.4425e-15,1.1768e-16,5.22e-30,2.4425e-09,3.023e-09,
1394,31.8667,6.5073e-15,1.9984e-15,1.088e-16,4.0814e-30,1.9984e-09,2.6861e-09,
1395,31.89,6.124e-15,2.1094e-15,1.1546e-16,4.7948e-30,2.1094e-09,2.93e-09,
1396,31.9124,5.7123e-15,1.7764e-15,8.3267e-17,2.4779e-30,1.7764e-09,2.081e-09,
1397,31.9355,5.4313e-15,1.5543e-15,9.2704e-17,2.9802e-30,1.5543e-09,2.3246e-09,
1398,31.9578,4.6354e-15,1.4433e-15,5.4401e-17,1.2977e-30,1.4433e-09,1.471e-09,
1399,31.9806,4.2587e-15,2.0539e-15,1.4044e-16,6.1865e-30,2.0539e-09,3.3639e-09,
1400,32.0055,5.0913e-15,6.6613e-16,1.5543e-17,2.2495e-31,6.6613e-10,6.0521e-10,
1401,32.0292,4.5222e-15,1.4988e-15,4.4964e-17,1.2176e-30,1.4988e-09,9.9136e-10,
1402,32.0507,2.7032e-15,6.0507e-15,3.7859e-16,4.1827e-29,6.0507e-09,8.4322e-09,
1403,32.0753,1.5251e-14,1.8319e-15,5.9952e-17,1.9136e-30,1.8319e-09,1.3724e-09,
1404,32.0974,9.9459e-15,3.2752e-15,2.1982e-16,1.4992e-29,3.2752e-09,4.8905e-09,
1405,32.1211,1.0638e-14,3.3307e-16,2.1094e-17,1.5138e-31,3.3307e-10,4.0529e-10,
1406,32.1415,7.0509e-15,2.8311e-15,2.0872e-16,1.2101e-29,2.8311e-09,4.0756e-09,
1407,32.1652,8.703e-15,1.2212e-15,6.4393e-17,1.3378e-30,1.2212e-09,1.5508e-09,
1408,32.1869,8.2701e-15,2.1094e-15,1.41e-16,6.0278e-30,2.1094e-09,3.305e-09,
1409,32.2102,5.3901e-15,9.992e-16,4.7184e-17,8.5088e-31,9.992e-10,1.2165e-09,
1410,32.232,5.1586e-15,1.8874e-15,1.0769e-16,3.7506e-30,1.8874e-09,2.6183e-09,
1411,32.2545,4.3121e-15,2.1094e-15,1.027e-16,3.8168e-30,2.1094e-09,2.5951e-09,
1412,32.2776,5.5429e-15,1.6653e-15,8.7708e-17,2.627e-30,1.6653e-09,2.1243e-09,
1413,32.3002,5.2077e-15,1.5543e-15,1.0436e-16,3.5487e-30,1.5543e-09,2.568e-09,
1414,32.3231,4.4645e-15,1.5543e-15,5.218e-17,1.3728e-30,1.5543e-09,1.5132e-09,
1415,32.3451,4.468e-15,1.7208e-15,1.0325e-16,3.6531e-30,1.7208e-09,2.6341e-09,
1416,32.3684,4.1951e-15,2.2204e-16,1.3323e-17,6.163e-32,2.2204e-10,3.3395e-10,
1417,32.3898,3.0009e-15,1.2212e-15,6.9389e-17,1.7383e-30,1.2212e-09,1.7368e-09,
1418,32.4123,2.3526e-15,8.8818e-16,4.4409e-17,6.9526e-31,8.8818e-10,1.1046e-09,
1419,32.4341,3.1058e-15,1.8874e-15,9.5479e-17,3.3854e-30,1.8874e-09,2.4073e-09,
1420,32.4568,3.969e-15,1.2212e-15,8.1601e-17,2.0773e-30,1.2212e-09,1.9655e-09,
1421,32.4793,4.2991e-15,1.7764e-15,9.2149e-17,3.1215e-30,1.7764e-09,2.328e-09,
1422,32.5021,4.1791e-15,1.2212e-15,7.3275e-17,1.6979e-30,1.2212e-09,1.7641e-09,
1423,32.5246,4.2063e-15,1.3323e-15,6.8279e-17,1.6305e-30,1.3323e-09,1.7486e-09,
1424,32.5472,3.7375e-15,1.3323e-15,5.5511e-17,1.2422e-30,1.3323e-09,1.462e-09,
1425,32.5696,3.7468e-15,2.3315e-15,1.4488e-16,6.9461e-30,2.3315e-09,3.5377e-09,
1426,32.5936,5.3038e-15,5.5511e-16,3.6637e-17,4.16e-31,5.5511e-10,8.5758e-10,
1427,32.6159,4.2909e-15,1.5543e-15,7.8271e-17,2.0511e-30,1.5543e-09,1.9088e-09,
1428,32.6396,2.9318e-15,1.1657e-15,7.8826e-17,1.8535e-30,1.1657e-09,1.8798e-09,
1429,32.6621,3.6937e-15,1.3323e-15,4.3299e-17,1.0138e-30,1.3323e-09,1.2878e-09,
1430,32.684,3.6054e-15,2.5535e-15,1.4211e-16,6.849e-30,2.5535e-09,3.6326e-09,
1431,32.7075,4.9676e-15,5.5511e-16,3.3862e-17,3.4859e-31,5.5511e-10,8.14e-10,
1432,32.7298,4.1582e-15,1.1102e-15,4.6629e-17,8.4279e-31,1.1102e-09,1.2141e-09,
1433,32.7518,2.5319e-15,1.9984e-15,1.2546e-16,5.0074e-30,1.9984e-09,3.0165e-09,
1434,32.775,4.6523e-15,6.6613e-16,2.7756e-17,3.0045e-31,6.6613e-10,7.1841e-10,
1435,32.7961,4.1473e-15,2.2204e-15,1.521e-16,7.7207e-30,2.2204e-09,3.779e-09,
1436,32.8195,4.8485e-15,5.5511e-16,2.72e-17,2.8696e-31,5.5511e-10,7.0072e-10,
1437,32.841,4.6616e-15,2.8866e-15,1.4877e-16,7.7715e-30,2.8866e-09,3.6753e-09,
1438,32.8645,5.1487e-15,6.6613e-16,3.9968e-17,5.1153e-31,6.6613e-10,9.6696e-10,
1439,32.8861,5.1911e-15,1.7764e-15,8.3267e-17,2.595e-30,1.7764e-09,2.1323e-09,
1440,32.9089,3.4391e-15,1.3323e-15,7.8826e-17,2.0064e-30,1.3323e-09,1.9214e-09,
1441,32.9315,4.3433e-15,1.6653e-15,7.8826e-17,2.3558e-30,1.6653e-09,2.0262e-09,
1442,32.9545,4.159e-15,1.2212e-15,7.6605e-17,1.9059e-30,1.2212e-09,1.8756e-09,
1443,32.9772,4.0071e-15,1.6653e-15,6.7724e-17,1.9571e-30,1.6653e-09,1.8181e-09,
1444,33.0001,4.1575e-15,1.2212e-15,8.1601e-17,2.1004e-30,1.2212e-09,1.9971e-09,
1445,33.0228,3.8397e-15,1.6653e-15,5.7176e-17,1.6752e-30,1.6653e-09,1.6636e-09,
1446,33.0446,3.8739e-15,2.7756e-15,1.7208e-16,9.6004e-30,2.7756e-09,4.284e-09,
1447,33.0688,6.3063e-15,1.2212e-15,4.0523e-17,8.8631e-31,1.2212e-09,1.192e-09,
1448,33.0916,5.9912e-15,1.9429e-15,1.1546e-16,4.2987e-30,1.9429e-09,2.8809e-09,
1449,33.1149,4.3772e-15,6.6613e-16,1.6653e-17,2.315e-31,6.6613e-10,5.9234e-10,
1450,33.1351,4.022e-15,2.6645e-15,8.3267e-17,3.8888e-30,2.6645e-09,1.8631e-09,
1451,33.1578,4.8033e-15,5.0515e-15,3.2307e-16,3.231e-29,5.0515e-09,7.3264e-09,
1452,33.1832,1.4854e-14,1.5543e-15,3.8858e-17,1.2418e-30,1.5543e-09,9.6896e-10,
1453,33.2041,8.5651e-15,5.8842e-15,3.908e-16,4.3613e-29,5.8842e-09,9.0771e-09,
1454,33.2282,1.252e-14,7.7716e-16,2.6645e-17,3.4705e-31,7.7716e-10,5.9412e-10,
1455,33.2493,1.0015e-14,3.2196e-15,1.9151e-16,1.2782e-29,3.2196e-09,4.534e-09,
1456,33.2727,8.2806e-15,4.4409e-16,2.9976e-17,2.2687e-31,4.4409e-10,6.1426e-10,
1457,33.2941,6.4639e-15,1.3323e-15,8.4377e-17,2.0677e-30,1.3323e-09,1.5288e-09,
1458,33.316,4.0712e-15,2.1094e-15,1.1879e-16,4.0938e-30,2.1094e-09,2.1525e-09,
1459,33.3388,7.5586e-15,1.1102e-15,8.2712e-17,1.7907e-30,1.1102e-09,1.6538e-09,
1460,33.3615,7.3763e-15,7.7716e-16,5.4956e-17,9.3254e-31,7.7716e-10,1.1471e-09,
1461,33.3833,4.4074e-15,1.4433e-15,8.6597e-17,2.2218e-30,1.4433e-09,1.6835e-09,
1462,33.4056,5.0962e-15,2.6645e-15,2.1039e-16,1.1491e-29,2.6645e-09,4.1812e-09,
1463,33.4291,8.9941e-15,6.6613e-16,3.6637e-17,4.3179e-31,6.6613e-10,9.1181e-10,
1464,33.4508,6.59e-15,1.9984e-15,9.881e-17,3.3916e-30,1.9984e-09,2.4978e-09,
1465,33.4735,3.6923e-15,1.2212e-15,8.5487e-17,2.1293e-30,1.2212e-09,2.0186e-09,
1466,33.4961,4.5459e-15,1.5543e-15,6.7724e-17,1.8477e-30,1.5543e-09,1.782e-09,
1467,33.5195,4.0172e-15,1.2212e-15,7.3275e-17,1.7796e-30,1.2212e-09,1.7814e-09,
1468,33.5421,3.9099e-15,1.5543e-15,7.1054e-17,1.9956e-30,1.5543e-09,1.8569e-09,
1469,33.5648,3.9499e-15,1.4433e-15,7.1054e-17,1.8339e-30,1.4433e-09,1.8048e-09,
1470,33.5874,4.234e-15,1.4433e-15,8.5487e-17,2.5006e-30,1.4433e-09,2.1214e-09,
1471,33.6099,4.0481e-15,1.2212e-15,6.5503e-17,1.4899e-30,1.2212e-09,1.6366e-09,
1472,33.6332,3.7473e-15,1.4433e-15,6.5503e-17,1.644e-30,1.4433e-09,1.6896e-09,
1473,33.655,3.7362e-15,2.5535e-15,1.521e-16,7.3725e-30,2.5535e-09,3.6737e-09,
1474,33.6783,5.9888e-15,1.1102e-15,5.4401e-17,1.1298e-30,1.1102e-09,1.4053e-09,
1475,33.7001,5.6606e-15,2.3315e-15,1.1102e-16,4.3669e-30,2.3315e-09,2.7792e-09,
1476,33.7225,4.8793e-15,2.4425e-15,1.3434e-16,6.3633e-30,2.4425e-09,3.4021e-09,
1477,33.7466,6.558e-15,8.8818e-16,4.2744e-17,6.7677e-31,8.8818e-10,1.0716e-09,
1478,33.7692,4.8354e-15,1.6653e-15,1.088e-16,4.0768e-30,1.6653e-09,2.7379e-09,
1479,33.792,3.7981e-15,1.2212e-15,5.218e-17,1.06e-30,1.2212e-09,1.3348e-09,
1480,33.8137,4.1843e-15,1.9429e-15,1.3045e-16,5.4546e-30,1.9429e-09,3.1842e-09,
1481,33.837,4.6472e-15,5.5511e-16,2.9976e-17,3.0045e-31,5.5511e-10,7.3571e-10,
1482,33.8606,4.0398e-15,2.8866e-15,1.4433e-16,7.6748e-30,2.8866e-09,3.6557e-09,
1483,33.8847,5.166e-15,6.6613e-16,4.5519e-17,6.3479e-31,6.6613e-10,1.1176e-09,
1484,33.9064,5.1744e-15,2.2204e-15,8.1046e-17,2.8893e-30,2.2204e-09,2.2527e-09,
1485,33.9292,3.8847e-15,1.7764e-15,9.9365e-17,3.2591e-30,1.7764e-09,2.5184e-09,
1486,33.9516,4.3874e-15,1.4433e-15,4.885e-17,1.2465e-30,1.4433e-09,1.4244e-09,
1487,33.974,3.8174e-15,2.4425e-15,1.571e-16,7.6301e-30,2.4425e-09,3.81e-09,
1488,33.9974,5.8435e-15,8.8818e-16,4.996e-17,8.9055e-31,8.8818e-10,1.2263e-09,
1489,34.0195,5.0099e-15,1.5543e-15,7.0499e-17,1.8431e-30,1.5543e-09,1.8116e-09,
1490,34.0412,3.4921e-15,3.2196e-15,1.8874e-16,1.2325e-29,3.2196e-09,4.7036e-09,
1491,34.0649,6.9861e-15,8.8818e-16,4.2188e-17,6.0744e-31,8.8818e-10,1.0562e-09,
1492,34.0864,6.3556e-15,1.6653e-15,1.0159e-16,3.4563e-30,1.6653e-09,2.529e-09,
1493,34.109,3.7305e-15,1.3323e-15,6.2172e-17,1.4102e-30,1.3323e-09,1.5855e-09,
1494,34.1307,4.2372e-15,2.8866e-15,1.632e-16,9.4725e-30,2.8866e-09,4.1067e-09,
1495,34.1545,6.1829e-15,7.7716e-16,4.3299e-17,5.8548e-31,7.7716e-10,1.059e-09,
1496,34.1762,5.5295e-15,1.8874e-15,9.6589e-17,3.2556e-30,1.8874e-09,2.4065e-09,
1497,34.1988,3.7582e-15,1.2212e-15,7.6605e-17,1.8832e-30,1.2212e-09,1.8322e-09,
1498,34.2214,4.3606e-15,1.5543e-15,7.7716e-17,2.1786e-30,1.5543e-09,1.9496e-09,
1499,34.2441,3.8843e-15,9.992e-16,6.2172e-17,1.1729e-30,9.992e-10,1.5307e-09,
1500,34.268,3.5649e-15,1.3323e-15,5.9952e-17,1.4468e-30,1.3323e-09,1.5595e-09,
1501,34.292,3.1945e-15,2.4425e-15,1.41e-16,6.6595e-30,2.4425e-09,3.4724e-09,
1502,34.3161,5.6456e-15,8.8818e-16,4.6629e-17,7.6768e-31,8.8818e-10,1.1544e-09,
1503,34.3383,5.2771e-15,1.6653e-15,7.8271e-17,2.313e-30,1.6653e-09,2.0134e-09,
1504,34.3616,3.7713e-15,1.5543e-15,9.1593e-17,2.7645e-30,1.5543e-09,2.2125e-09,
1505,34.3845,4.5769e-15,1.2212e-15,5.7732e-17,1.2449e-30,1.2212e-09,1.4769e-09,
1506,34.4064,3.9173e-15,2.9976e-15,1.4322e-16,7.4803e-30,2.9976e-09,3.5783e-09,
1507,34.4296,5.9247e-15,7.7716e-16,4.3299e-17,6.1168e-31,7.7716e-10,1.0838e-09,
1508,34.4517,4.8555e-15,1.5543e-15,5.6621e-17,1.5346e-30,1.5543e-09,1.6198e-09,
1509,34.4734,2.8519e-15,2.387e-15,1.4988e-16,7.2265e-30,2.387e-09,3.7036e-09,
1510,34.4968,5.8737e-15,6.6613e-16,2.2204e-17,2.6193e-31,6.6613e-10,6.5616e-10,
1511,34.5179,5.1127e-15,2.387e-15,1.4433e-16,6.8243e-30,2.387e-09,3.6003e-09,
1512,34.5412,4.9554e-15,1.1102e-15,4.6074e-17,7.4302e-31,1.1102e-09,1.1998e-09,
1513,34.563,5.0186e-15,1.7764e-15,1.0991e-16,3.9505e-30,1.7764e-09,2.7244e-09,
1514,34.5856,4.3939e-15,2.1094e-15,8.1046e-17,2.8997e-30,2.1094e-09,2.2307e-09,
1515,34.6081,5.6373e-15,1.5543e-15,1.0214e-16,3.2756e-30,1.5543e-09,2.5355e-09,
1516,34.6308,5.1353e-15,2.1094e-15,8.2157e-17,3.0214e-30,2.1094e-09,2.2365e-09,
1517,34.6535,5.0785e-15,1.4988e-15,9.4369e-17,2.8149e-30,1.4988e-09,2.3071e-09,
1518,34.6761,4.8245e-15,1.5543e-15,6.5503e-17,1.7303e-30,1.5543e-09,1.7215e-09,
1519,34.6979,4.2052e-15,2.498e-15,1.6653e-16,8.8766e-30,2.498e-09,4.0506e-09,
1520,34.7213,6.1837e-15,1.1102e-15,4.4409e-17,8.8285e-31,1.1102e-09,1.2018e-09,
1521,34.743,5.7536e-15,1.7764e-15,1.1879e-16,4.5745e-30,1.7764e-09,2.9159e-09,
1522,34.7657,4.5882e-15,2.3315e-15,1.0769e-16,4.3915e-30,2.3315e-09,2.7678e-09,
1523,34.7884,5.8295e-15,1.6653e-15,9.9365e-17,3.1373e-30,1.6653e-09,2.4265e-09,
1524,34.8112,5.6519e-15,1.8874e-15,9.881e-17,3.3777e-30,1.8874e-09,2.4493e-09,
1525,34.8339,5.0455e-15,1.4433e-15,7.9936e-17,2.0184e-30,1.4433e-09,1.9113e-09,
1526,34.8568,4.6936e-15,1.6653e-15,8.7708e-17,2.7194e-30,1.6653e-09,2.2007e-09,
1527,34.8795,4.4526e-15,1.2212e-15,6.1062e-17,1.2588e-30,1.2212e-09,1.4972e-09,
1528,34.9013,4.0969e-15,2.6645e-15,1.4932e-16,7.7657e-30,2.6645e-09,3.7367e-09,
1529,34.9247,5.6237e-15,8.8818e-16,4.2188e-17,6.4403e-31,8.8818e-10,1.0657e-09,
1530,34.9472,5.2415e-15,1.7764e-15,1.0436e-16,3.7871e-30,1.7764e-09,2.612e-09,
1531,34.9699,3.8453e-15,1.5543e-15,7.1054e-17,1.8458e-30,1.5543e-09,1.7958e-09,
1532,34.9918,4.6592e-15,3.1086e-15,1.9595e-16,1.305e-29,3.1086e-09,4.8872e-09,
1533,35.0149,6.9503e-15,6.6613e-16,3.6637e-17,4.1639e-31,6.6613e-10,9.0021e-10,
1534,35.0369,6.0974e-15,1.6653e-15,7.9381e-17,2.4039e-30,1.6653e-09,2.0156e-09,
1535,35.0594,3.2595e-15,1.4433e-15,7.7716e-17,2.1432e-30,1.4433e-09,1.9407e-09,
1536,35.082,4.3084e-15,1.6653e-15,7.5495e-17,2.2649e-30,1.6653e-09,1.9816e-09,
1537,35.1046,4.3273e-15,1.4433e-15,7.605e-17,2.045e-30,1.4433e-09,1.8896e-09,
1538,35.1273,4.3011e-15,1.7764e-15,9.5479e-17,3.1631e-30,1.7764e-09,2.3893e-09,
1539,35.15,4.3934e-15,1.5543e-15,7.5495e-17,2.0954e-30,1.5543e-09,1.9208e-09,
1540,35.1724,4.6457e-15,1.5543e-15,7.8826e-17,2.2237e-30,1.5543e-09,1.9601e-09,
1541,35.1951,4.343e-15,1.3323e-15,6.1062e-17,1.4098e-30,1.3323e-09,1.566e-09,
1542,35.2169,4.0767e-15,2.8866e-15,1.7319e-16,1.0198e-29,2.8866e-09,4.2535e-09,
1543,35.2403,6.2627e-15,8.8818e-16,5.3291e-17,8.4741e-31,8.8818e-10,1.3008e-09,
1544,35.2621,5.6797e-15,2.6645e-15,1.2546e-16,5.8533e-30,2.6645e-09,3.2031e-09,
1545,35.2854,4.9773e-15,2.1094e-15,1.2657e-16,5.0875e-30,2.1094e-09,3.0538e-09,
1546,35.308,6.6739e-15,2.6645e-15,1.2768e-16,5.9831e-30,2.6645e-09,3.238e-09,
1547,35.3309,6.7012e-15,1.8874e-15,1.138e-16,4.1111e-30,1.8874e-09,2.7201e-09,
1548,35.3533,6.4305e-15,2.3315e-15,1.0991e-16,4.5529e-30,2.3315e-09,2.8199e-09,
1549,35.3759,5.9678e-15,1.7764e-15,1.1102e-16,4.0229e-30,1.7764e-09,2.6968e-09,
1550,35.3988,5.757e-15,2.3315e-15,1.0991e-16,4.596e-30,2.3315e-09,2.8233e-09,
1551,35.4216,5.7456e-15,1.5543e-15,1.0436e-16,3.5056e-30,1.5543e-09,2.545e-09,
1552,35.4442,5.4642e-15,1.8874e-15,7.7716e-17,2.6012e-30,1.8874e-09,2.1033e-09,
1553,35.4668,5.0573e-15,1.1102e-15,7.6605e-17,1.8539e-30,1.1102e-09,1.851e-09,
1554,35.4896,4.3279e-15,1.5543e-15,6.5503e-17,1.7106e-30,1.5543e-09,1.7372e-09,
1555,35.5122,3.7956e-15,9.992e-16,6.7168e-17,1.4086e-30,9.992e-10,1.6181e-09,
1556,35.5359,3.5618e-15,1.2212e-15,5.3846e-17,1.082e-30,1.2212e-09,1.3891e-09,
1557,35.5579,3.1929e-15,2.2204e-15,1.3767e-16,5.8086e-30,2.2204e-09,3.2685e-09,
1558,35.5806,5.367e-15,2.7756e-15,1.3323e-16,6.5085e-30,2.7756e-09,3.4032e-09,
1559,35.604,7.0395e-15,6.6613e-16,3.9968e-17,5.4889e-31,6.6613e-10,9.6696e-10,
1560,35.6259,4.882e-15,1.6653e-15,8.6042e-17,2.6535e-30,1.6653e-09,2.16e-09,
1561,35.6484,3.2894e-15,1.3323e-15,7.1609e-17,1.8015e-30,1.3323e-09,1.7715e-09,
1562,35.671,4.1863e-15,1.5543e-15,6.4948e-17,1.8431e-30,1.5543e-09,1.7326e-09,
1563,35.6935,4.0102e-15,9.992e-16,5.7732e-17,1.0878e-30,9.992e-10,1.4041e-09,
1564,35.7154,3.5058e-15,2.5535e-15,1.1546e-16,5.2108e-30,2.5535e-09,2.995e-09,
1565,35.738,4.9655e-15,1.8874e-15,1.1546e-16,4.348e-30,1.8874e-09,2.8242e-09,
1566,35.7607,6.23e-15,2.4425e-15,1.1768e-16,5.3079e-30,2.4425e-09,3.023e-09,
1567,35.7834,6.0548e-15,1.7764e-15,9.4369e-17,3.2078e-30,1.7764e-09,2.3683e-09,
1568,35.8061,5.9394e-15,1.8874e-15,1.0714e-16,3.9308e-30,1.8874e-09,2.6446e-09,
1569,35.8288,5.2075e-15,1.4433e-15,7.3275e-17,1.8601e-30,1.4433e-09,1.824e-09,
1570,35.8525,4.6574e-15,1.1657e-15,7.383e-17,1.8231e-30,1.1657e-09,1.8393e-09,
1571,35.8753,3.4845e-15,6.6613e-16,2.5535e-17,2.7579e-31,6.6613e-10,6.8308e-10,
1572,35.8964,2.6094e-15,1.9984e-15,1.2268e-16,5.148e-30,1.9984e-09,3.082e-09,
1573,35.9198,3.799e-15,3.8858e-16,2.3315e-17,1.4522e-31,3.8858e-10,5.579e-10,
1574,35.9408,3.4334e-15,2.2204e-15,9.992e-17,3.5329e-30,2.2204e-09,2.4994e-09,
1575,35.9633,3.7603e-15,1.5543e-15,1.0381e-16,3.2128e-30,1.5543e-09,2.4718e-09,
1576,35.9858,5.1643e-15,1.6653e-15,6.4393e-17,1.7969e-30,1.6653e-09,1.7419e-09,
1577,36.0075,4.4767e-15,2.8866e-15,1.8874e-16,1.0912e-29,2.8866e-09,4.5401e-09,
1578,36.0309,6.9624e-15,1.2212e-15,5.3846e-17,1.1174e-30,1.2212e-09,1.3667e-09,
1579,36.0535,6.4708e-15,1.9429e-15,1.2657e-16,5.2482e-30,1.9429e-09,3.1279e-09,
1580,36.0769,5.0259e-15,8.8818e-16,4.1078e-17,6.8717e-31,8.8818e-10,1.0695e-09,
1581,36.0987,4.6223e-15,1.4433e-15,8.9373e-17,2.6443e-30,1.4433e-09,2.2044e-09,
1582,36.122,3.6099e-15,1.7764e-15,8.2157e-17,2.5253e-30,1.7764e-09,2.1081e-09,
1583,36.1448,4.5852e-15,1.5543e-15,8.6042e-17,2.3731e-30,1.5543e-09,2.1419e-09,
1584,36.1675,4.5565e-15,1.7764e-15,7.8826e-17,2.4729e-30,1.7764e-09,2.0648e-09,
1585,36.1901,4.5637e-15,1.5543e-15,8.3267e-17,2.2295e-30,1.5543e-09,2.0749e-09,
1586,36.2128,4.5835e-15,1.6653e-15,8.7708e-17,2.7595e-30,1.6653e-09,2.2187e-09,
1587,36.2352,4.3448e-15,1.3323e-15,6.7724e-17,1.533e-30,1.3323e-09,1.6525e-09,
1588,36.2574,4.1846e-15,2.8866e-15,1.7097e-16,1.0332e-29,2.8866e-09,4.2636e-09,
1589,36.281,6.3069e-15,5.5511e-16,4.1078e-17,5.069e-31,5.5511e-10,9.7586e-10,
1590,36.3026,5.3782e-15,1.7764e-15,7.6605e-17,2.3053e-30,1.7764e-09,1.9932e-09,
1591,36.3253,3.2565e-15,1.3323e-15,8.7708e-17,2.4729e-30,1.3323e-09,2.1423e-09,
1592,36.3479,4.4878e-15,2.1094e-15,8.3267e-17,2.9783e-30,2.1094e-09,2.2315e-09,
1593,36.3706,4.8885e-15,1.5543e-15,9.3259e-17,2.8273e-30,1.5543e-09,2.3027e-09,
1594,36.3933,5.2746e-15,2.1094e-15,9.992e-17,3.6731e-30,2.1094e-09,2.5042e-09,
1595,36.4158,5.2519e-15,1.5543e-15,9.3259e-17,2.9613e-30,1.5543e-09,2.3301e-09,
1596,36.4387,5.2641e-15,2.1094e-15,8.8818e-17,3.2309e-30,2.1094e-09,2.3098e-09,
1597,36.4623,5.3037e-15,1.3878e-15,9.2149e-17,2.6901e-30,1.3878e-09,2.2572e-09,
1598,36.4849,4.9359e-15,1.9984e-15,9.2149e-17,3.0742e-30,1.9984e-09,2.306e-09,
1599,36.5076,4.7513e-15,1.3323e-15,7.7716e-17,1.9691e-30,1.3323e-09,1.8948e-09,
1600,36.5318,4.6469e-15,1.5543e-15,7.1609e-17,2.0018e-30,1.5543e-09,1.8646e-09,
1601,36.558,4.0081e-15,9.992e-16,5.9952e-17,1.097e-30,9.992e-10,1.4692e-09,
1602,36.5804,3.5098e-15,2.9976e-15,1.2212e-16,6.3802e-30,2.9976e-09,3.275e-09,
1603,36.6036,5.5991e-15,2.2204e-15,1.4655e-16,6.9075e-30,2.2204e-09,3.5772e-09,
1604,36.6282,7.1118e-15,7.7716e-16,3.6637e-17,5.1615e-31,7.7716e-10,9.4853e-10,
1605,36.6511,4.8433e-15,1.3323e-15,8.4377e-17,2.273e-30,1.3323e-09,2.0428e-09,
1606,36.6749,3.262e-15,1.7764e-15,8.4377e-17,2.6532e-30,1.7764e-09,2.1425e-09,
1607,36.6984,4.356e-15,1.2212e-15,7.1054e-17,1.6644e-30,1.2212e-09,1.719e-09,
1608,36.7232,4.1579e-15,1.4433e-15,5.4956e-17,1.3686e-30,1.4433e-09,1.5152e-09,
1609,36.7462,3.7721e-15,2.2204e-15,1.4988e-16,7.1186e-30,2.2204e-09,3.6573e-09,
1610,36.7693,5.7511e-15,1.2212e-15,5.4956e-17,1.1544e-30,1.2212e-09,1.4025e-09,
1611,36.7911,5.4525e-15,2.2204e-15,1.2934e-16,5.7628e-30,2.2204e-09,3.2373e-09,
1612,36.8134,5.2178e-15,2.7756e-15,1.249e-16,6.0925e-30,2.7756e-09,3.2038e-09,
1613,36.8358,6.9857e-15,2.2204e-15,1.2046e-16,5.0771e-30,2.2204e-09,3.0191e-09,
1614,36.8584,6.9086e-15,2.6645e-15,1.3878e-16,6.9599e-30,2.6645e-09,3.5018e-09,
1615,36.8816,6.6968e-15,7.7716e-16,3.9968e-17,5.4234e-31,7.7716e-10,9.8038e-10,
1616,36.9042,4.9916e-15,1.6653e-15,9.5479e-17,2.9675e-30,1.6653e-09,2.263e-09,
1617,36.9264,3.5875e-15,1.4433e-15,6.6058e-17,1.7137e-30,1.4433e-09,1.709e-09,
1618,36.9482,4.4284e-15,3.1086e-15,1.7653e-16,1.1016e-29,3.1086e-09,4.3141e-09,
1619,36.9713,6.6904e-15,8.8818e-16,5.4401e-17,9.3716e-31,8.8818e-10,1.2908e-09,
1620,36.993,6.0606e-15,2.3315e-15,1.1102e-16,4.4743e-30,2.3315e-09,2.8055e-09,
1621,37.0153,4.5218e-15,1.8874e-15,1.1657e-16,4.291e-30,1.8874e-09,2.8115e-09,
1622,37.0386,5.876e-15,2.6645e-15,1.1546e-16,5.3406e-30,2.6645e-09,3.0353e-09,
1623,37.0612,6.3316e-15,1.8874e-15,1.2657e-16,5.242e-30,1.8874e-09,3.0891e-09,
1624,37.0846,6.4014e-15,9.992e-16,3.3862e-17,6.1668e-31,9.992e-10,9.9172e-10,
1625,37.1056,4.8427e-15,3.5527e-15,2.1982e-16,1.5968e-29,3.5527e-09,5.5181e-09,
1626,37.1289,7.3483e-15,1.4433e-15,5.5511e-17,1.3466e-30,1.4433e-09,1.507e-09,
1627,37.151,7.5683e-15,2.387e-15,1.5321e-16,7.203e-30,2.387e-09,3.7317e-09,
1628,37.1744,5.6176e-15,1.1102e-15,4.6629e-17,8.8631e-31,1.1102e-09,1.23e-09,
1629,37.1961,5.2766e-15,1.6653e-15,1.0325e-16,3.3542e-30,1.6653e-09,2.4846e-09,
1630,37.219,4.3648e-15,2.2204e-15,9.5479e-17,3.6947e-30,2.2204e-09,2.5216e-09,
1631,37.2418,5.489e-15,1.8874e-15,1.0991e-16,3.9474e-30,1.8874e-09,2.7073e-09,
1632,37.2651,5.7503e-15,2.2204e-15,9.6589e-17,3.7259e-30,2.2204e-09,2.517e-09,
1633,37.2892,5.7578e-15,1.5543e-15,9.881e-17,3.2864e-30,1.5543e-09,2.4645e-09,
1634,37.314,5.3286e-15,1.9984e-15,9.4924e-17,3.4439e-30,1.9984e-09,2.4207e-09,
1635,37.339,5.0393e-15,1.3323e-15,8.6597e-17,2.3697e-30,1.3323e-09,2.0954e-09,
1636,37.3629,4.648e-15,1.8874e-15,7.9936e-17,2.575e-30,1.8874e-09,2.1018e-09,
1637,37.3875,4.5726e-15,1.4433e-15,9.3259e-17,2.6855e-30,1.4433e-09,2.2544e-09,
1638,37.4115,4.8015e-15,1.7764e-15,8.1046e-17,2.5284e-30,1.7764e-09,2.0967e-09,
1639,37.4355,4.6042e-15,1.3323e-15,7.9381e-17,2.0111e-30,1.3323e-09,1.9189e-09,
1640,37.4594,4.3669e-15,1.9984e-15,8.9928e-17,3.1878e-30,1.9984e-09,2.3474e-09,
1641,37.4836,4.5615e-15,1.4433e-15,8.9928e-17,2.521e-30,1.4433e-09,2.1608e-09,
1642,37.5079,4.7957e-15,1.8874e-15,9.1038e-17,3.0249e-30,1.8874e-09,2.3107e-09,
1643,37.5324,4.6492e-15,1.2212e-15,8.3267e-17,2.0399e-30,1.2212e-09,1.9791e-09,
1644,37.5573,4.3651e-15,1.8874e-15,7.7716e-17,2.516e-30,1.8874e-09,2.0905e-09,
1645,37.5818,4.3923e-15,1.4433e-15,9.2149e-17,2.7287e-30,1.4433e-09,2.2449e-09,
1646,37.6057,4.7375e-15,1.9984e-15,8.6597e-17,2.9967e-30,1.9984e-09,2.2891e-09,
1647,37.6305,4.8443e-15,1.5543e-15,9.3814e-17,2.6566e-30,1.5543e-09,2.2756e-09,
1648,37.6544,4.8148e-15,1.7764e-15,8.1601e-17,2.4948e-30,1.7764e-09,2.0828e-09,
1649,37.6797,4.6639e-15,1.3323e-15,8.3822e-17,2.1343e-30,1.3323e-09,2.0236e-09,
1650,37.7059,4.3555e-15,1.6653e-15,9.5479e-17,3.2067e-30,1.6653e-09,2.4099e-09,
1651,37.7304,4.1245e-15,1.5543e-15,7.0499e-17,1.8477e-30,1.5543e-09,1.7981e-09,
1652,37.7539,4.4609e-15,2.8866e-15,1.7431e-16,1.0579e-29,2.8866e-09,4.391e-09,
1653,37.7792,6.4795e-15,7.7716e-16,1.9984e-17,3.0969e-31,7.7716e-10,7.1181e-10,
1654,37.8017,6.0769e-15,7.7716e-16,3.7748e-17,5.1153e-31,7.7716e-10,9.6698e-10,
1655,37.8253,1.3755e-15,9.7145e-16,3.7192e-17,6.1822e-31,9.7145e-10,1.0393e-09,
1656,37.8482,1.8921e-15,1.1102e-15,6.9389e-17,1.4333e-30,1.1102e-09,1.5132e-09,
1657,37.8721,2.808e-15,1.7764e-15,1.1435e-16,4.0525e-30,1.7764e-09,2.5638e-09,
1658,37.8969,5.2373e-15,1.8874e-15,1.0714e-16,3.7043e-30,1.8874e-09,2.4898e-09,
1659,37.9217,5.8902e-15,1.6653e-15,7.9936e-17,2.1944e-30,1.6653e-09,1.9294e-09,
1660,37.9456,5.1295e-15,1.6653e-15,9.5479e-17,2.9675e-30,1.6653e-09,2.2769e-09,
1661,37.9715,4.6944e-15,1.2212e-15,6.3283e-17,1.4283e-30,1.2212e-09,1.5954e-09,
1662,37.9951,4.0297e-15,2.9976e-15,1.471e-16,8.0662e-30,2.9976e-09,3.7565e-09,
1663,38.0206,5.8868e-15,8.8818e-16,5.4401e-17,1.0754e-30,8.8818e-10,1.3616e-09,
1664,38.0435,5.5591e-15,2.7756e-15,1.1435e-16,5.4712e-30,2.7756e-09,3.0411e-09,
1665,38.0679,5.1251e-15,2.1094e-15,1.3323e-16,5.6607e-30,2.1094e-09,3.2329e-09,
1666,38.0927,6.9415e-15,9.992e-16,5.7732e-17,1.0943e-30,9.992e-10,1.4305e-09,
1667,38.1168,4.8536e-15,2.1094e-15,9.5479e-17,3.4282e-30,2.1094e-09,2.4477e-09,
1668,38.1408,4.4273e-15,2.1094e-15,1.0381e-16,4.0448e-30,2.1094e-09,2.6006e-09,
1669,38.1651,5.9344e-15,1.7764e-15,9.5479e-17,3.137e-30,1.7764e-09,2.3735e-09,
1670,38.1891,5.4873e-15,1.9984e-15,1.0381e-16,4.0387e-30,1.9984e-09,2.6178e-09,
1671,38.2139,5.3232e-15,1.7764e-15,8.3267e-17,2.6208e-30,1.7764e-09,2.141e-09,
1672,38.238,5.3817e-15,1.5543e-15,8.7708e-17,2.7379e-30,1.5543e-09,2.2196e-09,
1673,38.2624,4.6528e-15,1.3323e-15,6.4393e-17,1.4159e-30,1.3323e-09,1.6012e-09,
1674,38.2855,3.9944e-15,2.8866e-15,1.5432e-16,8.5804e-30,2.8866e-09,3.9137e-09,
1675,38.3108,5.982e-15,6.6613e-16,3.6637e-17,4.5182e-31,6.6613e-10,8.969e-10,
1676,38.3338,5.2739e-15,1.6653e-15,7.6605e-17,2.2449e-30,1.6653e-09,1.9767e-09,
1677,38.3586,3.298e-15,1.3323e-15,7.9381e-17,2.0604e-30,1.3323e-09,1.9423e-09,
1678,38.3831,4.2054e-15,1.5543e-15,8.4932e-17,2.4209e-30,1.5543e-09,2.0863e-09,
1679,38.4079,4.0119e-15,9.992e-16,6.7168e-17,1.33e-30,9.992e-10,1.5696e-09,
1680,38.4317,3.6284e-15,1.2212e-15,5.9952e-17,1.1818e-30,1.2212e-09,1.4669e-09,
1681,38.4552,3.3762e-15,2.1094e-15,1.3434e-16,5.4974e-30,2.1094e-09,3.1592e-09,
1682,38.481,5.3558e-15,7.7716e-16,4.774e-17,7.7191e-31,7.7716e-10,1.1888e-09,
1683,38.5049,4.6058e-15,1.9984e-15,7.9936e-17,2.61e-30,1.9984e-09,2.1127e-09,
1684,38.5294,3.8679e-15,1.5543e-15,1.0103e-16,3.3866e-30,1.5543e-09,2.5235e-09,
1685,38.5536,4.8953e-15,1.1102e-15,5.8842e-17,1.0939e-30,1.1102e-09,1.4248e-09,
1686,38.5768,3.7964e-15,2.6645e-15,1.3545e-16,6.6237e-30,2.6645e-09,3.4063e-09,
1687,38.6027,5.2972e-15,4.996e-16,3.2196e-17,3.4667e-31,4.996e-10,8.0508e-10,
1688,38.6259,4.5585e-15,1.5543e-15,4.6629e-17,1.285e-30,1.5543e-09,1.4508e-09,
1689,38.6494,2.8891e-15,2.8311e-15,1.5987e-16,8.6944e-30,2.8311e-09,4.143e-09,
1690,38.6743,5.78e-15,7.7716e-16,1.8874e-17,3.1007e-31,7.7716e-10,7.0351e-10,
1691,38.697,5.3378e-15,2.387e-15,1.2046e-16,5.8352e-30,2.387e-09,3.3932e-09,
1692,38.7222,4.1059e-15,2.2204e-16,1.1657e-17,4.6608e-32,2.2204e-10,2.8878e-10,
1693,38.7442,3.6975e-15,1.6653e-15,1.1768e-16,3.8183e-30,1.6653e-09,2.6587e-09,
1694,38.7683,3.6894e-15,2.1094e-15,1.2157e-16,4.8383e-30,2.1094e-09,2.9648e-09,
1695,38.7938,5.6085e-15,4.4409e-16,2.498e-17,1.9914e-31,4.4409e-10,5.9944e-10,
1696,38.8158,4.0167e-15,2.4425e-15,1.2657e-16,5.6114e-30,2.4425e-09,3.1608e-09,
1697,38.8415,4.3678e-15,6.1062e-16,3.9413e-17,4.4412e-31,6.1062e-10,9.5428e-10,
1698,38.8645,4.2226e-15,1.2212e-15,4.2188e-17,8.6128e-31,1.2212e-09,1.1927e-09,
1699,38.8873,2.5107e-15,1.0214e-14,3.7859e-16,6.7203e-29,1.0214e-08,1.0534e-08,
1700,38.9135,2.0016e-14,9.1038e-15,3.1475e-16,5.3859e-29,9.1038e-09,9.3683e-09,
1701,38.9423,2.801e-14,7.4385e-15,2.9088e-16,3.9542e-29,7.4385e-09,7.9722e-09,
1702,38.9677,2.4904e-14,6.3283e-15,2.2815e-16,2.8626e-29,6.3283e-09,6.746e-09,
1703,38.9925,2.1578e-14,1.9984e-15,7.4385e-17,2.4991e-30,1.9984e-09,1.4362e-09,
1704,39.0161,1.0457e-14,2.9421e-15,1.9762e-16,1.2866e-29,2.9421e-09,4.591e-09,
1705,39.0421,1.0475e-14,4.4409e-16,2.1094e-17,1.587e-31,4.4409e-10,4.8435e-10,
1706,39.0651,6.7179e-15,1.6653e-15,1.0325e-16,3.0568e-30,1.6653e-09,2.2795e-09,
1707,39.0901,4.0529e-15,1.8874e-15,9.992e-17,3.2571e-30,1.8874e-09,2.3349e-09,
1708,39.1141,5.4063e-15,1.5543e-15,7.605e-17,2.1004e-30,1.5543e-09,1.8527e-09,
1709,39.1385,4.9393e-15,1.6653e-15,8.1601e-17,2.4024e-30,1.6653e-09,2.0354e-09,
1710,39.1624,4.4995e-15,1.5543e-15,7.1054e-17,1.8535e-30,1.5543e-09,1.8228e-09,
1711,39.1863,4.4168e-15,3.1086e-15,1.8874e-16,1.2351e-29,3.1086e-09,4.7287e-09,
1712,39.2115,6.8266e-15,6.6613e-16,4.3854e-17,5.8279e-31,6.6613e-10,1.0389e-09,
1713,39.235,5.9027e-15,1.9984e-15,8.4377e-17,2.9967e-30,1.9984e-09,2.2437e-09,
1714,39.259,3.6877e-15,1.4433e-15,8.8818e-17,2.6717e-30,1.4433e-09,2.2121e-09,
1715,39.2835,4.8415e-15,1.7764e-15,8.7708e-17,2.8119e-30,1.7764e-09,2.2069e-09,
1716,39.3073,4.609e-15,1.5543e-15,7.4385e-17,2.0538e-30,1.5543e-09,1.8993e-09,
1717,39.332,4.7233e-15,1.5543e-15,9.3814e-17,3.0572e-30,1.5543e-09,2.32e-09,
1718,39.3561,4.3996e-15,1.7764e-15,6.1062e-17,1.8566e-30,1.7764e-09,1.759e-09,
1719,39.3798,4.6796e-15,2.1649e-15,1.2379e-16,5.3807e-30,2.1649e-09,3.1584e-09,
1720,39.4045,4.746e-15,3.3307e-16,1.3323e-17,7.0874e-32,3.3307e-10,3.4701e-10,
1721,39.4263,3.6975e-15,2.1649e-15,1.199e-16,4.4562e-30,2.1649e-09,2.9095e-09,
1722,39.4505,3.5607e-15,6.1062e-16,3.7748e-17,4.1446e-31,6.1062e-10,8.4923e-10,
1723,39.4743,4.0068e-15,1.2212e-15,6.6613e-17,1.4117e-30,1.2212e-09,1.5821e-09,
1724,39.4982,2.949e-15,7.7716e-16,4.9405e-17,6.7215e-31,7.7716e-10,1.0892e-09,
1725,39.5217,3.0137e-15,1.2212e-15,6.4393e-17,1.5192e-30,1.2212e-09,1.5662e-09,
1726,39.5448,3.7056e-15,2.9421e-15,1.843e-16,9.87e-30,2.9421e-09,4.2269e-09,
1727,39.5706,7.1966e-15,6.6613e-16,2.5535e-17,2.7887e-31,6.6613e-10,6.7287e-10,
1728,39.5927,5.7707e-15,2.1649e-15,1.4544e-16,6.9414e-30,2.1649e-09,3.5419e-09,
1729,39.6179,5.2118e-15,1.2212e-15,6.3283e-17,1.4425e-30,1.2212e-09,1.598e-09,
1730,39.6419,5.3386e-15,1.1102e-15,5.7732e-17,1.1201e-30,1.1102e-09,1.4379e-09,
1731,39.6664,3.335e-15,2.9976e-15,1.3989e-16,7.5651e-30,2.9976e-09,3.6288e-09,
1732,39.6917,5.7222e-15,7.7716e-16,4.6629e-17,6.8717e-31,7.7716e-10,1.1225e-09,
1733,39.7151,5.3279e-15,2.1094e-15,1.2101e-16,5.1014e-30,2.1094e-09,3.0363e-09,
1734,39.74,4.2635e-15,5.5511e-16,3.3862e-17,3.8249e-31,5.5511e-10,8.4689e-10,
1735,39.7637,3.8483e-15,1.5543e-15,6.5503e-17,1.7395e-30,1.5543e-09,1.7045e-09,
1736,39.7874,2.8108e-15,1.1102e-15,7.5495e-17,1.7457e-30,1.1102e-09,1.8326e-09,
1737,39.8121,3.8034e-15,1.4433e-15,6.1062e-17,1.55e-30,1.4433e-09,1.6109e-09,
1738,39.8356,3.7698e-15,2.3315e-15,1.5155e-16,7.4129e-30,2.3315e-09,3.6794e-09,
1739,39.8611,5.9703e-15,1.3323e-15,6.7724e-17,1.5978e-30,1.3323e-09,1.6611e-09,
1740,39.885,5.656e-15,9.992e-16,4.774e-17,8.243e-31,9.992e-10,1.2053e-09,
1741,39.9092,3.2755e-15,2.3315e-15,1.2657e-16,5.7793e-30,2.3315e-09,3.1795e-09,
1742,39.9343,4.7596e-15,5.5511e-16,2.9976e-17,3.0391e-31,5.5511e-10,7.596e-10,
1743,39.9571,4.357e-15,3.1086e-15,1.5987e-16,8.8889e-30,3.1086e-09,3.9288e-09,
1744,39.9817,5.5189e-15,7.7716e-16,4.3299e-17,5.7008e-31,7.7716e-10,1.0403e-09,
1745,40.0054,5.6625e-15,1.8874e-15,1.0214e-16,3.6011e-30,1.8874e-09,2.5646e-09,
1746,40.0292,3.8099e-15,1.5543e-15,8.8263e-17,2.5888e-30,1.5543e-09,2.1688e-09,
1747,40.054,4.7431e-15,1.8874e-15,8.2157e-17,2.781e-30,1.8874e-09,2.1661e-09,
1748,40.0781,4.7539e-15,1.2212e-15,7.8826e-17,2.0261e-30,1.2212e-09,1.9343e-09,
1749,40.1023,4.2907e-15,1.4433e-15,7.4385e-17,2.0003e-30,1.4433e-09,1.8864e-09,
1750,40.1262,3.7005e-15,1.2212e-15,5.8842e-17,1.213e-30,1.2212e-09,1.4698e-09,
1751,40.15,3.6557e-15,2.4425e-15,1.4155e-16,7.1094e-30,2.4425e-09,3.5594e-09,
1752,40.175,5.2805e-15,4.4409e-16,2.9976e-17,2.3727e-31,4.4409e-10,6.8905e-10,
1753,40.1985,4.6688e-15,1.1102e-15,4.996e-17,9.0904e-31,1.1102e-09,1.2832e-09,
1754,40.2216,2.4764e-15,1.8874e-15,1.2879e-16,4.8718e-30,1.8874e-09,3.0076e-09,
1755,40.2461,5.0101e-15,2.4425e-15,1.2379e-16,5.2435e-30,2.4425e-09,3.0773e-09,
1756,40.2707,6.1872e-15,1.9984e-15,1.088e-16,3.8858e-30,1.9984e-09,2.6482e-09,
1757,40.2956,6.1663e-15,2.3315e-15,1.1546e-16,4.9739e-30,2.3315e-09,2.9527e-09,
1758,40.3196,5.9484e-15,1.8874e-15,9.8255e-17,3.3885e-30,1.8874e-09,2.4408e-09,
1759,40.3439,5.7486e-15,2.1094e-15,1.0048e-16,3.6797e-30,2.1094e-09,2.5652e-09,
1760,40.368,5.4969e-15,1.5543e-15,9.6589e-17,2.9752e-30,1.5543e-09,2.3409e-09,
1761,40.3922,5.0883e-15,1.8874e-15,8.1046e-17,2.6378e-30,1.8874e-09,2.1441e-09,
1762,40.4166,4.8012e-15,1.2768e-15,8.8818e-17,2.4744e-30,1.2768e-09,2.1565e-09,
1763,40.4412,4.3585e-15,1.7764e-15,6.8834e-17,2.008e-30,1.7764e-09,1.8491e-09,
1764,40.4642,4.3361e-15,3.0531e-15,2.0317e-16,1.2896e-29,3.0531e-09,4.9054e-09,
1765,40.4895,7.5361e-15,1.2212e-15,7.1054e-17,1.6628e-30,1.2212e-09,1.7426e-09,
1766,40.5134,6.6166e-15,8.8818e-16,4.2188e-17,6.3171e-31,8.8818e-10,1.0437e-09,
1767,40.5365,3.0714e-15,4.3299e-15,2.3648e-16,1.867e-29,4.3299e-09,5.6828e-09,
1768,40.5612,8.0432e-15,1.1102e-15,6.2172e-17,1.2191e-30,1.1102e-09,1.5092e-09,
1769,40.5846,8.0458e-15,2.8866e-15,1.4377e-16,7.5716e-30,2.8866e-09,3.6329e-09,
1770,40.6096,5.5851e-15,7.7716e-16,3.7748e-17,5.3194e-31,7.7716e-10,9.4189e-10,
1771,40.6322,5.293e-15,3.3307e-15,1.8485e-16,1.2128e-29,3.3307e-09,4.6635e-09,
1772,40.6572,6.324e-15,7.7716e-16,4.4409e-17,6.8101e-31,7.7716e-10,1.111e-09,
1773,40.6808,6.1925e-15,2.4425e-15,1.027e-16,4.1989e-30,2.4425e-09,2.6464e-09,
1774,40.7046,4.3892e-15,1.8319e-15,1.2101e-16,4.7813e-30,1.8319e-09,2.9899e-09,
1775,40.73,5.8788e-15,6.6613e-16,2.8866e-17,3.4667e-31,6.6613e-10,7.5019e-10,
1776,40.7522,4.1347e-15,2.276e-15,1.4211e-16,6.5485e-30,2.276e-09,3.5097e-09,
1777,40.7777,4.8423e-15,1.1102e-15,5.8842e-17,1.1775e-30,1.1102e-09,1.4333e-09,
1778,40.8008,5.089e-15,2.3315e-15,1.0769e-16,4.3761e-30,2.3315e-09,2.7688e-09,
1779,40.8252,5.0103e-15,2.2204e-15,1.2212e-16,5.1938e-30,2.2204e-09,3.0654e-09,
1780,40.8506,6.2559e-15,6.6613e-16,4.0523e-17,5.3348e-31,6.6613e-10,9.8908e-10,
1781,40.8744,4.2091e-15,1.6653e-15,7.2164e-17,2.0939e-30,1.6653e-09,1.8994e-09,
1782,40.8988,3.3187e-15,1.0547e-15,6.9944e-17,1.4837e-30,1.0547e-09,1.6751e-09,
1783,40.9239,3.7064e-15,1.2212e-15,4.885e-17,1.0107e-30,1.2212e-09,1.3114e-09,
1784,40.9472,3.2271e-15,1.9429e-15,1.3267e-16,5.5964e-30,1.9429e-09,3.2143e-09,
1785,40.9726,4.9666e-15,6.6613e-16,3.7748e-17,5.1461e-31,6.6613e-10,9.6282e-10,
1786,40.9957,4.3149e-15,9.992e-16,5.9952e-17,1.0677e-30,9.992e-10,1.4244e-09,
1787,41.0198,2.5536e-15,2.9976e-15,1.3656e-16,7.243e-30,2.9976e-09,3.5465e-09,
1788,41.0446,5.6607e-15,6.6613e-16,4.774e-17,6.9179e-31,6.6613e-10,1.1383e-09,
1789,41.0682,5.2289e-15,2.4425e-15,1.0103e-16,4.2852e-30,2.4425e-09,2.6896e-09,
1790,41.0921,4.3685e-15,1.6653e-15,1.0991e-16,3.8241e-30,1.6653e-09,2.6909e-09,
1791,41.1168,5.7955e-15,2.2204e-15,9.5479e-17,3.766e-30,2.2204e-09,2.5252e-09,
1792,41.1408,5.5042e-15,1.7764e-15,1.1713e-16,4.4593e-30,1.7764e-09,2.8887e-09,
1793,41.1652,5.6201e-15,2.4425e-15,1.1102e-16,4.7856e-30,2.4425e-09,2.8828e-09,
1794,41.1891,5.7688e-15,1.7764e-15,1.0214e-16,3.5483e-30,1.7764e-09,2.5128e-09,
1795,41.2136,5.9e-15,2.1094e-15,1.0048e-16,3.8076e-30,2.1094e-09,2.5711e-09,
1796,41.2375,5.4215e-15,1.7764e-15,1.027e-16,3.4378e-30,1.7764e-09,2.5027e-09,
1797,41.2621,5.2817e-15,2.2204e-15,1.0436e-16,4.1261e-30,2.2204e-09,2.6847e-09,
1798,41.2862,5.4594e-15,1.6098e-15,1.0214e-16,3.1508e-30,1.6098e-09,2.4596e-09,
1799,41.3105,5.0791e-15,2.1094e-15,8.8818e-17,3.2633e-30,2.1094e-09,2.3662e-09,
1800,41.3363,5.0602e-15,1.4433e-15,9.1038e-17,2.6655e-30,1.4433e-09,2.2167e-09,
1801,41.3641,4.9977e-15,1.7764e-15,7.8826e-17,2.4267e-30,1.7764e-09,2.036e-09,
1802,41.3889,4.5101e-15,1.4433e-15,7.8826e-17,2.1185e-30,1.4433e-09,1.9537e-09,
1803,41.4137,4.4802e-15,1.5543e-15,8.4377e-17,2.5287e-30,1.5543e-09,2.1138e-09,
1804,41.4386,4.1418e-15,1.3323e-15,5.9952e-17,1.3347e-30,1.3323e-09,1.5211e-09,
1805,41.4628,4.0265e-15,2.6645e-15,1.632e-16,9.2583e-30,2.6645e-09,4.1071e-09,
1806,41.4879,5.8715e-15,5.5511e-16,3.8858e-17,4.7763e-31,5.5511e-10,9.1428e-10,
1807,41.5125,4.9699e-15,1.6653e-15,7.4385e-17,2.1231e-30,1.6653e-09,1.9414e-09,
1808,41.5365,3.0765e-15,1.3323e-15,7.8826e-17,2.0692e-30,1.3323e-09,1.9435e-09,
1809,41.5608,4.1949e-15,1.6653e-15,7.7716e-17,2.2818e-30,1.6653e-09,2.015e-09,
1810,41.5848,4.2014e-15,1.4433e-15,7.7716e-17,2.0492e-30,1.4433e-09,1.9218e-09,
1811,41.6093,4.3297e-15,1.5543e-15,7.8826e-17,2.2761e-30,1.5543e-09,2.0047e-09,
1812,41.634,4.1858e-15,1.3323e-15,7.7161e-17,1.8585e-30,1.3323e-09,1.8642e-09,
1813,41.6584,4.0547e-15,1.7764e-15,8.1601e-17,2.4948e-30,1.7764e-09,2.0854e-09,
1814,41.6825,4.3826e-15,1.3323e-15,8.5487e-17,2.3111e-30,1.3323e-09,2.0371e-09,
1815,41.7073,4.4248e-15,1.6653e-15,7.494e-17,2.1759e-30,1.6653e-09,1.9423e-09,
1816,41.7353,4.2499e-15,1.6653e-15,7.8826e-17,2.2206e-30,1.6653e-09,1.9826e-09,
1817,41.7682,4.6321e-15,1.8874e-15,8.5487e-17,2.855e-30,1.8874e-09,2.2219e-09,
1818,41.7952,4.8616e-15,1.3323e-15,8.7708e-17,2.5376e-30,1.3323e-09,2.1694e-09,
1819,41.8199,4.4891e-15,1.7764e-15,7.8826e-17,2.4729e-30,1.7764e-09,2.0648e-09,
1820,41.8438,4.373e-15,1.3323e-15,8.1046e-17,2.1339e-30,1.3323e-09,1.9795e-09,
1821,41.868,4.3167e-15,1.7764e-15,8.7153e-17,2.7814e-30,1.7764e-09,2.2007e-09,
1822,41.8929,4.229e-15,1.6653e-15,8.8818e-17,2.8088e-30,1.6653e-09,2.2224e-09,
1823,41.9177,4.643e-15,1.6653e-15,8.7708e-17,2.689e-30,1.6653e-09,2.2187e-09,
1824,41.9416,4.4745e-15,1.3323e-15,6.4393e-17,1.4021e-30,1.3323e-09,1.5743e-09,
1825,41.9654,4.1533e-15,2.6645e-15,1.6431e-16,9.0241e-30,2.6645e-09,4.0363e-09,
1826,41.9901,5.8954e-15,6.6613e-16,4.1633e-17,5.7662e-31,6.6613e-10,1.0408e-09,
1827,42.0157,5.0032e-15,2.1094e-15,7.8271e-17,2.783e-30,2.1094e-09,2.1358e-09,
1828,42.04,3.8295e-15,1.6098e-15,9.6589e-17,3.2263e-30,1.6098e-09,2.4407e-09,
1829,42.0643,4.9543e-15,1.7764e-15,6.6613e-17,1.9244e-30,1.7764e-09,1.7771e-09,
1830,42.0874,4.6422e-15,2.7756e-15,1.843e-16,1.1152e-29,2.7756e-09,4.5375e-09,
1831,42.113,7.547e-15,1.3323e-15,7.4385e-17,1.909e-30,1.3323e-09,1.8529e-09,
1832,42.1381,6.5273e-15,1.3323e-15,5.8287e-17,1.2992e-30,1.3323e-09,1.5028e-09,
1833,42.1619,3.6797e-15,2.5535e-15,1.5321e-16,8.169e-30,2.5535e-09,3.8459e-09,
1834,42.1866,5.5932e-15,7.7716e-16,2.6645e-17,3.563e-31,7.7716e-10,7.6186e-10,
1835,42.2094,5.2413e-15,1.9429e-15,9.992e-17,3.5745e-30,1.9429e-09,2.6335e-09,
1836,42.2342,3.1859e-15,2.2204e-16,1.1102e-17,2.8119e-32,2.2204e-10,2.7554e-10,
1837,42.2568,3.1665e-15,1.8874e-15,1.0658e-16,3.4312e-30,1.8874e-09,2.3664e-09,
1838,42.2808,3.7126e-15,1.8874e-15,1.1879e-16,4.3541e-30,1.8874e-09,2.7976e-09,
1839,42.3053,5.5701e-15,1.6653e-15,7.2164e-17,2.0785e-30,1.6653e-09,1.8937e-09,
1840,42.3284,5.0148e-15,3.1086e-15,1.9762e-16,1.314e-29,3.1086e-09,4.9152e-09,
1841,42.3543,6.9717e-15,6.6613e-16,3.6637e-17,4.3449e-31,6.6613e-10,8.637e-10,
1842,42.3782,6.0834e-15,1.4433e-15,9.4369e-17,2.8011e-30,1.4433e-09,2.2468e-09,
1843,42.4029,3.2497e-15,1.3323e-15,6.8834e-17,1.6501e-30,1.3323e-09,1.6965e-09,
1844,42.426,4.0183e-15,3.1086e-15,1.5987e-16,9.2106e-30,3.1086e-09,4.045e-09,
1845,42.4511,6.2538e-15,1.2212e-15,6.4393e-17,1.3651e-30,1.2212e-09,1.6043e-09,
1846,42.4743,6.1273e-15,3.2196e-15,1.6265e-16,9.4744e-30,3.2196e-09,4.0632e-09,
1847,42.5008,6.362e-15,8.8818e-16,6.0507e-17,1.0804e-30,8.8818e-10,1.4464e-09,
1848,42.5246,5.8629e-15,1.3323e-15,5.4401e-17,1.2434e-30,1.3323e-09,1.4447e-09,
1849,42.5484,3.1344e-15,2.1649e-15,1.4322e-16,6.5994e-30,2.1649e-09,3.523e-09,
1850,42.5733,5.4709e-15,1.1102e-15,5.8842e-17,1.1802e-30,1.1102e-09,1.4755e-09,
1851,42.5986,5.0905e-15,8.8818e-16,5.2736e-17,9.2483e-31,8.8818e-10,1.301e-09,
1852,42.6226,2.9023e-15,2.4425e-15,1.1047e-16,4.6889e-30,2.4425e-09,2.8694e-09,
1853,42.6468,4.6684e-15,2.1094e-15,1.2323e-16,5.091e-30,2.1094e-09,3.0539e-09,
1854,42.6708,6.2978e-15,2.5535e-15,1.2323e-16,5.7612e-30,2.5535e-09,3.1563e-09,
1855,42.6953,6.4256e-15,1.7764e-15,1.0714e-16,3.749e-30,1.7764e-09,2.6228e-09,
1856,42.7192,5.9695e-15,2.1094e-15,1.1546e-16,4.5575e-30,2.1094e-09,2.8625e-09,
1857,42.7445,5.3431e-15,1.8874e-15,8.6042e-17,2.6767e-30,1.8874e-09,2.1607e-09,
1858,42.7685,5.5445e-15,1.7208e-15,1.0547e-16,3.8338e-30,1.7208e-09,2.6917e-09,
1859,42.7939,4.5297e-15,2.2204e-16,1.6653e-17,8.0504e-32,2.2204e-10,3.8797e-10,
1860,42.8161,3.4752e-15,8.8818e-16,5.107e-17,8.139e-31,8.8818e-10,1.1402e-09,
1861,42.8404,2.0242e-15,1.9429e-15,1.3545e-16,5.1923e-30,1.9429e-09,3.1267e-09,
1862,42.8664,4.5004e-15,4.996e-16,3.1086e-17,3.3319e-31,4.996e-10,7.7908e-10,
1863,42.8947,3.7008e-15,1.4433e-15,6.8279e-17,1.6367e-30,1.4433e-09,1.691e-09,
1864,42.9179,2.6739e-15,1.2212e-15,6.9944e-17,1.7029e-30,1.2212e-09,1.7392e-09,
1865,42.9407,3.7048e-15,1.2212e-15,7.0499e-17,1.6567e-30,1.2212e-09,1.7126e-09,
1866,42.9635,3.4e-15,1.1102e-15,3.8303e-17,7.4919e-31,1.1102e-09,1.1035e-09,
1867,42.9853,3.315e-15,1.3323e-15,8.2712e-17,2.1559e-30,1.3323e-09,1.9843e-09,
1868,43.0087,3.2688e-15,8.8818e-16,2.8866e-17,4.4528e-31,8.8818e-10,8.623e-10,
1869,43.0299,3.1534e-15,2.276e-15,1.1879e-16,4.7721e-30,2.276e-09,3.0139e-09,
1870,43.0537,3.8849e-15,2.2204e-16,1.1657e-17,5.4311e-32,2.2204e-10,2.7487e-10,
1871,43.0742,3.628e-15,1.1102e-15,4.774e-17,9.4794e-31,1.1102e-09,1.2679e-09,
1872,43.0967,2.0658e-15,2.1094e-15,1.2379e-16,5.2451e-30,2.1094e-09,3.0601e-09,
1873,43.1203,4.6603e-15,5.5511e-16,2.8866e-17,2.8966e-31,5.5511e-10,7.1683e-10,
1874,43.1419,4.0371e-15,2.6645e-15,1.6265e-16,8.8689e-30,2.6645e-09,4.0341e-09,
1875,43.1652,5.0891e-15,6.6613e-16,4.6074e-17,7.0296e-31,6.6613e-10,1.1167e-09,
1876,43.1886,5.0074e-15,2.2204e-15,8.8818e-17,3.0018e-30,2.2204e-09,2.356e-09,
1877,43.2114,3.9346e-15,1.8319e-15,1.1657e-16,4.254e-30,1.8319e-09,2.8418e-09,
1878,43.2352,5.3648e-15,7.7716e-16,2.4425e-17,3.4205e-31,7.7716e-10,7.4705e-10,
1879,43.2562,4.1404e-15,2.72e-15,1.6487e-16,9.0415e-30,2.72e-09,4.1622e-09,
1880,43.2803,5.5276e-15,8.8818e-16,4.3854e-17,6.891e-31,8.8818e-10,1.1055e-09,
1881,43.302,5.3811e-15,1.6653e-15,1.0436e-16,3.35e-30,1.6653e-09,2.4913e-09,
1882,43.3253,4.0191e-15,1.9984e-15,9.1593e-17,3.1312e-30,1.9984e-09,2.3384e-09,
1883,43.3478,5.1572e-15,1.4433e-15,8.3822e-17,2.1867e-30,1.4433e-09,1.9945e-09,
1884,43.3711,4.8482e-15,1.6653e-15,9.6034e-17,3.1373e-30,1.6653e-09,2.3845e-09,
1885,43.3935,4.3198e-15,1.3323e-15,7.272e-17,1.7168e-30,1.3323e-09,1.8097e-09,
1886,43.4168,4.0978e-15,1.5543e-15,7.494e-17,2.0634e-30,1.5543e-09,1.8906e-09,
1887,43.4395,3.9843e-15,1.3323e-15,6.4393e-17,1.5211e-30,1.3323e-09,1.6415e-09,
1888,43.4616,4.0478e-15,2.9976e-15,1.6653e-16,9.6728e-30,2.9976e-09,4.1504e-09,
1889,43.4851,6.2866e-15,6.6613e-16,3.9968e-17,5.2693e-31,6.6613e-10,9.8326e-10,
1890,43.5072,5.5341e-15,1.6653e-15,8.5487e-17,2.6408e-30,1.6653e-09,2.1421e-09,
1891,43.53,3.2903e-15,1.3323e-15,7.9936e-17,2.0292e-30,1.3323e-09,1.9577e-09,
1892,43.5535,4.2118e-15,1.5543e-15,7.5495e-17,2.1513e-30,1.5543e-09,1.9042e-09,
1893,43.5762,4.0263e-15,1.1102e-15,6.4393e-17,1.2746e-30,1.1102e-09,1.5297e-09,
1894,43.5988,3.7511e-15,2.7756e-15,1.3822e-16,6.5932e-30,2.7756e-09,3.4213e-09,
1895,43.6221,5.612e-15,9.4369e-16,6.1062e-17,1.1201e-30,9.4369e-10,1.5192e-09,
1896,43.6457,5.032e-15,1.1102e-15,2.9976e-17,6.3825e-31,1.1102e-09,1.0235e-09,
1897,43.6669,3.0595e-15,3.2752e-15,1.8985e-16,1.2634e-29,3.2752e-09,4.9404e-09,
1898,43.6912,6.0838e-15,7.7716e-16,2.8866e-17,4.0367e-31,7.7716e-10,8.1379e-10,
1899,43.7131,5.6067e-15,1.1102e-15,7.6605e-17,1.8416e-30,1.1102e-09,1.8851e-09,
1900,43.7381,3.1434e-15,1.5543e-15,5.4401e-17,1.4425e-30,1.5543e-09,1.5647e-09,
1901,43.7627,3.9411e-15,2.609e-15,1.6542e-16,8.4899e-30,2.609e-09,4.077e-09,
1902,43.7873,6.2102e-15,1.2212e-15,6.0507e-17,1.3855e-30,1.2212e-09,1.5275e-09,
1903,43.8093,5.5848e-15,2.2204e-15,1.0769e-16,4.2663e-30,2.2204e-09,2.7379e-09,
1904,43.8325,4.9654e-15,2.1094e-15,1.2323e-16,5.2801e-30,2.1094e-09,3.0838e-09,
1905,43.8563,5.9458e-15,6.6613e-16,2.7756e-17,3.1585e-31,6.6613e-10,7.348e-10,
1906,43.8783,4.2396e-15,2.4425e-15,1.5821e-16,8.2357e-30,2.4425e-09,3.9148e-09,
1907,43.9023,4.979e-15,5.5511e-16,3.1086e-17,3.251e-31,5.5511e-10,7.4324e-10,
1908,43.9246,4.7371e-15,2.9976e-15,1.6098e-16,8.9317e-30,2.9976e-09,4.0005e-09,
1909,43.9483,5.3854e-15,7.7716e-16,3.3307e-17,3.9597e-31,7.7716e-10,8.4148e-10,
1910,43.9704,5.8052e-15,2.498e-15,1.7542e-16,9.8454e-30,2.498e-09,4.2799e-09,
1911,43.9944,5.5248e-15,6.6613e-16,3.2196e-17,3.6053e-31,6.6613e-10,8.221e-10,
1912,44.0163,5.2351e-15,3.2196e-15,1.7708e-16,1.0881e-29,3.2196e-09,4.4604e-09,
1913,44.04,5.8958e-15,8.8818e-16,5.4401e-17,9.3831e-31,8.8818e-10,1.3135e-09,
1914,44.0632,6.0193e-15,2.4425e-15,1.1102e-16,4.7486e-30,2.4425e-09,2.8357e-09,
1915,44.0861,4.6769e-15,1.7764e-15,1.1768e-16,4.316e-30,1.7764e-09,2.8253e-09,
1916,44.1092,6.0381e-15,2.3315e-15,1.1546e-16,4.861e-30,2.3315e-09,2.9091e-09,
1917,44.1322,5.8118e-15,1.7764e-15,1.1324e-16,4.0029e-30,1.7764e-09,2.7207e-09,
1918,44.1553,5.7172e-15,2.2204e-15,9.1038e-17,3.4297e-30,2.2204e-09,2.4211e-09,
1919,44.1781,5.6805e-15,1.5543e-15,1.0547e-16,3.4651e-30,1.5543e-09,2.5414e-09,
1920,44.2012,5.3807e-15,1.7764e-15,9.1038e-17,3.0214e-30,1.7764e-09,2.2952e-09,
1921,44.2242,4.667e-15,1.5543e-15,9.1038e-17,2.6717e-30,1.5543e-09,2.2087e-09,
1922,44.2473,4.6067e-15,1.9984e-15,9.2149e-17,3.3188e-30,1.9984e-09,2.3798e-09,
1923,44.2702,4.9819e-15,1.5543e-15,7.9381e-17,2.2915e-30,1.5543e-09,1.9941e-09,
1924,44.2932,4.9634e-15,1.5543e-15,9.1038e-17,2.7953e-30,1.5543e-09,2.2387e-09,
1925,44.3161,4.3721e-15,1.2212e-15,6.1062e-17,1.3347e-30,1.2212e-09,1.5426e-09,
1926,44.3385,3.9376e-15,2.8866e-15,1.4932e-16,8.0831e-30,2.8866e-09,3.7779e-09,
1927,44.3626,5.8849e-15,6.6613e-16,3.9968e-17,6.2554e-31,6.6613e-10,9.4638e-10,
1928,44.3851,5.3058e-15,1.5543e-15,8.2157e-17,2.3947e-30,1.5543e-09,2.0662e-09,
1929,44.4082,3.2108e-15,1.1102e-15,7.383e-17,1.763e-30,1.1102e-09,1.7824e-09,
1930,44.4312,3.7604e-15,1.5543e-15,5.9952e-17,1.6316e-30,1.5543e-09,1.6449e-09,
1931,44.4532,3.8993e-15,2.4425e-15,1.6431e-16,8.4464e-30,2.4425e-09,3.9867e-09,
1932,44.477,6.209e-15,8.3267e-16,5.3846e-17,9.4178e-31,8.3267e-10,1.3444e-09,
1933,44.5003,5.1603e-15,4.4409e-16,2.7756e-17,2.3573e-31,4.4409e-10,6.4846e-10,
1934,44.5217,1.8298e-15,2.6645e-15,1.2879e-16,5.9719e-30,2.6645e-09,3.1874e-09,
1935,44.5463,4.567e-15,8.8818e-16,5.0515e-17,7.8771e-31,8.8818e-10,1.2234e-09,
1936,44.5685,5.0276e-15,2.2204e-15,1.027e-16,3.9139e-30,2.2204e-09,2.6199e-09,
1937,44.5914,4.3263e-15,1.6098e-15,1.0991e-16,3.6901e-30,1.6098e-09,2.6278e-09,
1938,44.6146,5.4443e-15,2.2204e-15,1.0547e-16,4.083e-30,2.2204e-09,2.6556e-09,
1939,44.6375,5.4047e-15,1.8874e-15,9.992e-17,3.479e-30,1.8874e-09,2.4534e-09,
1940,44.6606,5.7102e-15,1.9984e-15,1.1657e-16,4.618e-30,1.9984e-09,2.8896e-09,
1941,44.6834,5.4118e-15,1.6653e-15,6.3283e-17,1.7025e-30,1.6653e-09,1.7081e-09,
1942,44.7058,5.2872e-15,2.498e-15,1.4322e-16,6.7654e-30,2.498e-09,3.5855e-09,
1943,44.73,5.1657e-15,5.5511e-16,2.1649e-17,2.0222e-31,5.5511e-10,5.8345e-10,
1944,44.7516,4.2444e-15,1.7208e-15,1.1602e-16,4.4454e-30,1.7208e-09,2.8613e-09,
1945,44.7753,3.6495e-15,7.7716e-16,3.1641e-17,3.9327e-31,7.7716e-10,8.4272e-10,
1946,44.7966,3.8206e-15,2.7756e-15,1.7431e-16,1.0392e-29,2.7756e-09,4.3778e-09,
1947,44.8202,5.6293e-15,7.7716e-16,2.8866e-17,3.5437e-31,7.7716e-10,7.9655e-10,
1948,44.8416,5.6902e-15,2.5535e-15,1.6542e-16,8.7838e-30,2.5535e-09,4.0364e-09,
1949,44.8653,5.0723e-15,4.4409e-16,2.2204e-17,1.8643e-31,4.4409e-10,5.4979e-10,
1950,44.8868,4.6926e-15,2.2204e-15,1.2823e-16,5.5563e-30,2.2204e-09,3.1739e-09,
1951,44.9105,4.145e-15,5.5511e-16,2.9976e-17,3.0661e-31,5.5511e-10,7.4346e-10,
1952,44.9328,4.2329e-15,1.1102e-15,7.3275e-17,1.8058e-30,1.1102e-09,1.8257e-09,
1953,44.9564,2.5172e-15,8.8818e-16,4.3299e-17,6.7639e-31,8.8818e-10,1.0925e-09,
1954,44.9788,2.8919e-15,1.9984e-15,9.6589e-17,3.5899e-30,1.9984e-09,2.4853e-09,
1955,45.0017,4.0272e-15,1.6653e-15,8.7708e-17,2.7194e-30,1.6653e-09,2.1592e-09,
1956,45.0253,5.1069e-15,1.5543e-15,9.881e-17,3.2648e-30,1.5543e-09,2.45e-09,
1957,45.0481,4.5718e-15,1.5543e-15,5.9397e-17,1.5226e-30,1.5543e-09,1.6076e-09,
1958,45.0703,4.4737e-15,2.4425e-15,1.4988e-16,7.5342e-30,2.4425e-09,3.7815e-09,
1959,45.0942,5.3756e-15,5.5511e-16,2.6645e-17,2.6809e-31,5.5511e-10,6.8585e-10,
1960,45.1157,4.4489e-15,2.8866e-15,1.521e-16,8.2522e-30,2.8866e-09,3.7869e-09,
1961,45.1395,5.2256e-15,7.7716e-16,4.885e-17,8.1082e-31,7.7716e-10,1.1856e-09,
1962,45.1618,5.2347e-15,2.5535e-15,1.088e-16,4.7782e-30,2.5535e-09,2.8638e-09,
1963,45.185,4.5344e-15,1.8874e-15,1.2434e-16,4.8533e-30,1.8874e-09,2.9969e-09,
1964,45.2082,6.2167e-15,2.6645e-15,1.2768e-16,5.8702e-30,2.6645e-09,3.2389e-09,
1965,45.2321,6.3417e-15,5.5511e-16,3.7748e-17,4.4373e-31,5.5511e-10,9.0825e-10,
1966,45.2543,4.6112e-15,1.7764e-15,7.3275e-17,2.2098e-30,1.7764e-09,1.9645e-09,
1967,45.2773,3.2541e-15,1.5543e-15,9.5479e-17,2.8785e-30,1.5543e-09,2.3325e-09,
1968,45.3005,4.7338e-15,2.1094e-15,9.0483e-17,3.3515e-30,2.1094e-09,2.3968e-09,
1969,45.3235,5.1304e-15,1.6653e-15,1.027e-16,3.6781e-30,1.6653e-09,2.5435e-09,
1970,45.3465,5.3812e-15,2.1094e-15,8.9928e-17,3.3619e-30,2.1094e-09,2.3764e-09,
1971,45.3693,5.3106e-15,1.6653e-15,9.8255e-17,3.3176e-30,1.6653e-09,2.4079e-09,
1972,45.3923,5.2857e-15,2.2204e-15,1.0103e-16,4.0321e-30,2.2204e-09,2.6447e-09,
1973,45.4151,5.3871e-15,1.8874e-15,1.0436e-16,3.6469e-30,1.8874e-09,2.5885e-09,
1974,45.4382,5.6892e-15,2.2204e-15,1.1324e-16,4.5498e-30,2.2204e-09,2.8527e-09,
1975,45.4609,5.646e-15,1.8874e-15,1.0103e-16,3.5857e-30,1.8874e-09,2.5336e-09,
1976,45.484,5.6915e-15,2.2204e-15,1.0547e-16,4.2112e-30,2.2204e-09,2.6845e-09,
1977,45.5067,5.7374e-15,1.6653e-15,1.0103e-16,3.3527e-30,1.6653e-09,2.5058e-09,
1978,45.53,5.4702e-15,2.2204e-15,1.0103e-16,3.8553e-30,2.2204e-09,2.5987e-09,
1979,45.5531,5.4801e-15,1.6653e-15,1.0214e-16,3.5129e-30,1.6653e-09,2.5403e-09,
1980,45.5768,5.5102e-15,2.1094e-15,9.992e-17,3.818e-30,2.1094e-09,2.5813e-09,
1981,45.5995,5.2932e-15,1.7764e-15,9.4369e-17,2.9971e-30,1.7764e-09,2.3152e-09,
1982,45.6227,5.3104e-15,1.7764e-15,9.1038e-17,2.9182e-30,1.7764e-09,2.2767e-09,
1983,45.6455,4.865e-15,1.4433e-15,7.605e-17,1.9001e-30,1.4433e-09,1.8481e-09,
1984,45.6686,4.4028e-15,1.3323e-15,7.7716e-17,2.0245e-30,1.3323e-09,1.9175e-09,
1985,45.6915,3.7724e-15,1.2212e-15,4.4409e-17,9.0442e-31,1.2212e-09,1.2242e-09,
1986,45.7138,3.6191e-15,1.6653e-15,9.881e-17,3.2371e-30,1.6653e-09,2.4748e-09,
1987,45.7367,3.6207e-15,8.8818e-16,2.8866e-17,3.6554e-31,8.8818e-10,8.6982e-10,
1988,45.7583,3.2583e-15,2.3315e-15,9.881e-17,4.0464e-30,2.3315e-09,2.7256e-09,
1989,45.7813,3.5153e-15,1.0547e-15,6.4393e-17,1.476e-30,1.0547e-09,1.5812e-09,
1990,45.8046,4.286e-15,1.2212e-15,4.4409e-17,9.7529e-31,1.2212e-09,1.2599e-09,
1991,45.8265,3.3324e-15,1.9984e-15,1.299e-16,5.6364e-30,1.9984e-09,3.2296e-09,
1992,45.8515,5.0275e-15,9.992e-16,4.8295e-17,8.5858e-31,9.992e-10,1.2514e-09,
1993,45.8732,4.679e-15,1.9984e-15,9.5479e-17,3.3742e-30,1.9984e-09,2.434e-09,
1994,45.8962,4.4325e-15,1.8874e-15,1.1602e-16,4.6873e-30,1.8874e-09,2.8899e-09,
1995,45.9206,5.4166e-15,5.5511e-16,2.2204e-17,1.9876e-31,5.5511e-10,5.9673e-10,
1996,45.9416,3.8827e-15,1.8874e-15,1.2212e-16,4.9458e-30,1.8874e-09,3.0198e-09,
1997,45.9656,3.8069e-15,5.5511e-16,2.1094e-17,1.7873e-31,5.5511e-10,5.3597e-10,
1998,45.9855,3.963e-15,2.609e-15,1.7708e-16,8.5407e-30,2.609e-09,3.8534e-09,
1999,46.0097,5.2698e-15,2.2204e-16,1.2212e-17,5.8548e-32,2.2204e-10,2.8064e-10,
2000,46.0304,4.9331e-15,3.2752e-15,1.2379e-16,7.3944e-30,3.2752e-09,2.4802e-09,
2001,46.0559,6.2782e-15,5.3846e-15,3.364e-16,3.8727e-29,5.3846e-09,8.016e-09,
2002,46.0801,1.9032e-14,1.9984e-15,5.4956e-17,2.0634e-30,1.9984e-09,1.3723e-09,
2003,46.1034,9.7978e-15,4.2188e-15,2.5202e-16,1.838e-29,4.2188e-09,5.6822e-09,
2004,46.1279,9.8079e-15,6.6613e-16,1.8874e-17,2.419e-31,6.6613e-10,4.4132e-10,
2005,46.1503,6.5485e-15,6.3283e-15,3.2419e-16,3.5804e-29,6.3283e-09,7.7519e-09,
2006,46.1741,1.3113e-14,1.2768e-15,4.6629e-17,9.7683e-31,1.2768e-09,1.3224e-09,
2007,46.1978,1.1151e-14,8.8818e-16,3.2196e-17,4.3796e-31,8.8818e-10,8.8206e-10,
2008,46.2192,2.2063e-15,2.6645e-15,1.0991e-16,4.9739e-30,2.6645e-09,2.7708e-09,
2009,46.2439,5.0269e-15,6.6613e-16,2.8866e-17,3.2702e-31,6.6613e-10,7.8079e-10,
2010,46.2649,4.4551e-15,1.3878e-15,6.6058e-17,1.6382e-30,1.3878e-09,1.6564e-09,
2011,46.2886,2.7518e-15,9.992e-16,5.4401e-17,1.0481e-30,9.992e-10,1.3651e-09,
2012,46.311,3.0887e-15,8.8818e-16,4.774e-17,7.7962e-31,8.8818e-10,1.1602e-09,
2013,46.334,2.5775e-15,2.1094e-15,1.0436e-16,4.103e-30,2.1094e-09,2.6675e-09,
2014,46.3565,4.2478e-15,1.6653e-15,1.0048e-16,3.3068e-30,1.6653e-09,2.4363e-09,
2015,46.3802,5.295e-15,1.8874e-15,8.3822e-17,2.7367e-30,1.8874e-09,2.1793e-09,
2016,46.4028,5.0369e-15,1.5543e-15,8.2712e-17,2.3038e-30,1.5543e-09,2.0337e-09,
2017,46.4267,4.7651e-15,1.7764e-15,9.5479e-17,3.3222e-30,1.7764e-09,2.4311e-09,
2018,46.4496,4.5744e-15,1.5543e-15,7.7161e-17,2.1127e-30,1.5543e-09,1.9347e-09,
2019,46.4736,4.6107e-15,1.7764e-15,8.8818e-17,2.8985e-30,1.7764e-09,2.2308e-09,
2020,46.4962,4.6138e-15,1.3323e-15,7.9936e-17,2.08e-30,1.3323e-09,1.9521e-09,
2021,46.5198,4.2943e-15,1.8874e-15,8.3267e-17,2.7198e-30,1.8874e-09,2.1588e-09,
2022,46.5425,4.5239e-15,1.4433e-15,8.9928e-17,2.6073e-30,1.4433e-09,2.161e-09,
2023,46.5664,4.6462e-15,1.7764e-15,9.4924e-17,3.1034e-30,1.7764e-09,2.3586e-09,
2024,46.5888,4.472e-15,1.3323e-15,7.6605e-17,1.8708e-30,1.3323e-09,1.8512e-09,
2025,46.613,4.2609e-15,1.6653e-15,7.7716e-17,2.2452e-30,1.6653e-09,1.9703e-09,
2026,46.6355,4.1254e-15,1.0547e-15,7.2164e-17,1.6979e-30,1.0547e-09,1.7632e-09,
2027,46.6595,3.5821e-15,1.4433e-15,6.2172e-17,1.5546e-30,1.4433e-09,1.6572e-09,
2028,46.6819,3.3528e-15,9.992e-16,6.5503e-17,1.2931e-30,9.992e-10,1.5568e-09,
2029,46.706,3.4724e-15,1.2212e-15,4.996e-17,1.0107e-30,1.2212e-09,1.3329e-09,
2030,46.7286,3.1704e-15,1.9984e-15,1.3323e-16,5.4928e-30,1.9984e-09,3.2257e-09,
2031,46.7537,5.131e-15,9.992e-16,4.1078e-17,7.1336e-31,9.992e-10,1.1011e-09,
2032,46.7756,4.8949e-15,1.7764e-15,1.0436e-16,3.4374e-30,1.7764e-09,2.5479e-09,
2033,46.7995,4.1509e-15,2.2204e-15,1.0436e-16,4.1508e-30,2.2204e-09,2.688e-09,
2034,46.8219,5.5233e-15,1.6653e-15,9.5479e-17,3.0306e-30,1.6653e-09,2.3196e-09,
2035,46.845,5.4351e-15,1.8319e-15,1.1824e-16,4.6565e-30,1.8319e-09,2.9641e-09,
2036,46.8684,4.8509e-15,5.5511e-16,3.2196e-17,3.4705e-31,5.5511e-10,8.153e-10,
2037,46.8908,3.603e-15,1.4433e-15,6.6058e-17,1.6135e-30,1.4433e-09,1.6978e-09,
2038,46.9134,2.8031e-15,9.992e-16,6.6058e-17,1.424e-30,9.992e-10,1.5964e-09,
2039,46.9366,3.5613e-15,1.2212e-15,5.107e-17,1.0261e-30,1.2212e-09,1.3304e-09,
2040,46.9583,3.3004e-15,2.0539e-15,1.3878e-16,5.5929e-30,2.0539e-09,3.2861e-09,
2041,46.9833,4.9265e-15,8.8818e-16,3.2196e-17,4.9458e-31,8.8818e-10,9.0707e-10,
2042,47.0043,4.6129e-15,3.0531e-15,1.9762e-16,1.2629e-29,3.0531e-09,4.8518e-09,
2043,47.0297,6.6649e-15,1.2212e-15,4.6629e-17,9.3099e-31,1.2212e-09,1.2579e-09,
2044,47.0528,6.963e-15,1.7764e-15,1.1713e-16,4.4254e-30,1.7764e-09,2.8895e-09,
2045,47.0756,4.8085e-15,2.3315e-15,1.1102e-16,4.5467e-30,2.3315e-09,2.8311e-09,
2046,47.0983,5.8217e-15,1.6653e-15,9.3259e-17,2.9582e-30,1.6653e-09,2.2885e-09,
2047,47.1213,5.5809e-15,1.8874e-15,9.8255e-17,3.5256e-30,1.8874e-09,2.5016e-09,
2048,47.1441,4.8979e-15,1.6653e-15,7.494e-17,2.0496e-30,1.6653e-09,1.8922e-09,
2049,47.1664,4.9137e-15,3.2196e-15,1.9651e-16,1.3357e-29,3.2196e-09,4.9305e-09,
2050,47.1898,7.1297e-15,8.8818e-16,3.7748e-17,5.747e-31,8.8818e-10,9.7537e-10,
2051,47.2121,6.4532e-15,3.2196e-15,2.1039e-16,1.4967e-29,3.2196e-09,5.2003e-09,
2052,47.2355,6.68e-15,7.7716e-16,3.9968e-17,5.3194e-31,7.7716e-10,9.7952e-10,
2053,47.2576,6.515e-15,1.6653e-15,9.3259e-17,2.949e-30,1.6653e-09,2.3051e-09,
2054,47.2806,3.4683e-15,1.2212e-15,6.9944e-17,1.4533e-30,1.2212e-09,1.6374e-09,
2055,47.3028,4.073e-15,3.1086e-15,1.7042e-16,9.6639e-30,3.1086e-09,4.1731e-09,
2056,47.3269,6.2965e-15,7.7716e-16,5.4401e-17,9.075e-31,7.7716e-10,1.3123e-09,
2057,47.35,5.5313e-15,2.3315e-15,8.1046e-17,3.2514e-30,2.3315e-09,2.3302e-09,
2058,47.373,4.2339e-15,1.9429e-15,1.1879e-16,4.6515e-30,1.9429e-09,2.9982e-09,
2059,47.3968,5.3988e-15,8.8818e-16,2.6645e-17,4.3449e-31,8.8818e-10,8.3954e-10,
2060,47.418,4.1176e-15,2.9421e-15,1.7986e-16,1.0536e-29,2.9421e-09,4.492e-09,
2061,47.4419,6.1399e-15,9.992e-16,3.4417e-17,6.163e-31,9.992e-10,9.8789e-10,
2062,47.4629,6.0782e-15,3.4417e-15,2.1316e-16,1.5053e-29,3.4417e-09,5.3423e-09,
2063,47.4874,7.2896e-15,1.1102e-15,5.3846e-17,1.0496e-30,1.1102e-09,1.3614e-09,
2064,47.5092,6.9856e-15,1.9984e-15,1.2323e-16,4.5298e-30,1.9984e-09,2.9122e-09,
2065,47.5323,4.7234e-15,2.3315e-15,1.1324e-16,4.5702e-30,2.3315e-09,2.8372e-09,
2066,47.5551,6.1626e-15,1.8874e-15,1.1158e-16,3.9847e-30,1.8874e-09,2.6993e-09,
2067,47.5782,5.8669e-15,2.5535e-15,1.088e-16,4.9258e-30,2.5535e-09,2.8819e-09,
2068,47.6009,6.0688e-15,1.5543e-15,1.0658e-16,3.5576e-30,1.5543e-09,2.6043e-09,
2069,47.6247,5.7696e-15,2.2204e-15,9.3259e-17,3.5241e-30,2.2204e-09,2.4693e-09,
2070,47.6471,5.5199e-15,1.6653e-15,1.0214e-16,3.459e-30,1.6653e-09,2.5458e-09,
2071,47.6703,5.5206e-15,2.2204e-15,1.0381e-16,4.1142e-30,2.2204e-09,2.6684e-09,
2072,47.6932,5.3737e-15,1.8874e-15,9.3259e-17,3.0661e-30,1.8874e-09,2.3316e-09,
2073,47.7162,5.5731e-15,1.8874e-15,1.0103e-16,3.5595e-30,1.8874e-09,2.4969e-09,
2074,47.7395,5.1194e-15,1.6653e-15,7.6605e-17,2.1909e-30,1.6653e-09,1.973e-09,
2075,47.7632,4.8854e-15,1.6653e-15,9.1038e-17,2.8535e-30,1.6653e-09,2.2429e-09,
2076,47.786,4.5817e-15,1.3323e-15,6.2172e-17,1.4364e-30,1.3323e-09,1.5824e-09,
2077,47.8084,4.1395e-15,2.6645e-15,1.5987e-16,8.8227e-30,2.6645e-09,3.9646e-09,
2078,47.8319,5.7937e-15,7.7716e-16,4.885e-17,7.904e-31,7.7716e-10,1.1802e-09,
2079,47.8542,5.0782e-15,1.9984e-15,9.881e-17,3.4728e-30,1.9984e-09,2.502e-09,
2080,47.8768,3.8305e-15,1.2212e-15,8.4932e-17,2.1328e-30,1.2212e-09,1.9934e-09,
2081,47.901,4.5527e-15,1.6653e-15,7.1609e-17,1.9479e-30,1.6653e-09,1.8727e-09,
2082,47.9238,4.2294e-15,1.2212e-15,6.9389e-17,1.6043e-30,1.2212e-09,1.6799e-09,
2083,47.9472,4.1232e-15,1.2212e-15,5.5511e-17,1.2207e-30,1.2212e-09,1.4505e-09,
2084,47.9692,3.4739e-15,1.9429e-15,1.3323e-16,5.5682e-30,1.9429e-09,3.2285e-09,
2085,47.9931,4.9741e-15,8.8818e-16,3.4417e-17,5.3156e-31,8.8818e-10,9.4626e-10,
2086,48.015,4.8532e-15,1.3323e-15,8.3267e-17,2.2992e-30,1.3323e-09,2.0248e-09,
2087,48.0386,3.5512e-15,1.6653e-15,7.7161e-17,2.2545e-30,1.6653e-09,1.9814e-09,
2088,48.0613,4.3501e-15,1.1657e-15,7.6605e-17,1.8289e-30,1.1657e-09,1.8684e-09,
2089,48.0841,3.7113e-15,1.4433e-15,4.6074e-17,1.159e-30,1.4433e-09,1.3788e-09,
2090,48.1056,3.6619e-15,1.3878e-15,1.0936e-16,3.2745e-30,1.3878e-09,2.236e-09,
2091,48.1286,4.0906e-15,1.6653e-15,8.5487e-17,2.2452e-30,1.6653e-09,1.7941e-09,
2092,48.1513,6.2425e-15,1.2212e-15,7.9936e-17,1.8524e-30,1.2212e-09,1.7947e-09,
2093,48.1754,4.9087e-15,1.6653e-15,8.4932e-17,2.4517e-30,1.6653e-09,1.9953e-09,
2094,48.198,4.3975e-15,1.2212e-15,6.9944e-17,1.6378e-30,1.2212e-09,1.7155e-09,
2095,48.2211,4.1888e-15,1.4433e-15,7.2164e-17,1.7595e-30,1.4433e-09,1.7467e-09,
2096,48.2439,3.8833e-15,1.1102e-15,5.6621e-17,1.0462e-30,1.1102e-09,1.3317e-09,
2097,48.2662,3.6487e-15,2.3315e-15,1.4877e-16,6.9152e-30,2.3315e-09,3.4846e-09,
2098,48.2896,5.2253e-15,4.4409e-16,2.498e-17,2.0376e-31,4.4409e-10,6.0849e-10,
2099,48.3116,4.5505e-15,2.6645e-15,1.2157e-16,5.7135e-30,2.6645e-09,3.1496e-09,
2100,48.3358,4.5321e-15,1.8874e-15,1.2323e-16,4.8826e-30,1.8874e-09,3.0091e-09,
2101,48.3615,6.3804e-15,2.5535e-15,1.0547e-16,4.6315e-30,2.5535e-09,2.8277e-09,
2102,48.3843,6.3432e-15,1.6098e-15,1.0714e-16,3.598e-30,1.6098e-09,2.5957e-09,
2103,48.4077,5.8392e-15,2.1094e-15,8.9928e-17,3.3453e-30,2.1094e-09,2.3901e-09,
2104,48.4311,5.3387e-15,1.6653e-15,1.0103e-16,3.3946e-30,1.6653e-09,2.5073e-09,
2105,48.4536,5.3299e-15,1.8874e-15,8.1046e-17,2.6824e-30,1.8874e-09,2.1431e-09,
2106,48.4766,5.0998e-15,1.3323e-15,8.6042e-17,2.4764e-30,1.3323e-09,2.1101e-09,
2107,48.5001,4.5595e-15,1.7764e-15,9.1038e-17,2.9228e-30,1.7764e-09,2.2987e-09,
2108,48.5232,4.3379e-15,1.3323e-15,7.2164e-17,1.741e-30,1.3323e-09,1.7469e-09,
2109,48.5454,4.3173e-15,3.4417e-15,1.8208e-16,1.165e-29,3.4417e-09,4.5819e-09,
2110,48.5694,6.7426e-15,6.6613e-16,4.6629e-17,6.6714e-31,6.6613e-10,1.0843e-09,
2111,48.5915,6.0329e-15,1.8874e-15,9.1038e-17,3.0337e-30,1.8874e-09,2.2926e-09,
2112,48.6144,3.7512e-15,1.4433e-15,8.6597e-17,2.3666e-30,1.4433e-09,2.0803e-09,
2113,48.6376,4.7938e-15,1.6653e-15,8.9373e-17,2.9001e-30,1.6653e-09,2.2422e-09,
2114,48.6603,4.3745e-15,1.3323e-15,7.3275e-17,1.7842e-30,1.3323e-09,1.7958e-09,
2115,48.6832,4.174e-15,1.6653e-15,7.1054e-17,2.0492e-30,1.6653e-09,1.8713e-09,
2116,48.7065,4.2363e-15,1.3323e-15,8.2157e-17,2.1971e-30,1.3323e-09,2.0108e-09,
2117,48.7291,4.2342e-15,1.8874e-15,9.1038e-17,3.1169e-30,1.8874e-09,2.3162e-09,
2118,48.7521,4.4503e-15,1.3323e-15,7.9936e-17,2.2017e-30,1.3323e-09,1.908e-09,
2119,48.7757,4.6553e-15,1.7764e-15,8.2157e-17,2.4852e-30,1.7764e-09,2.1074e-09,
2120,48.7987,4.4841e-15,1.3323e-15,7.8826e-17,1.991e-30,1.3323e-09,1.8858e-09,
2121,48.8216,4.3896e-15,1.6653e-15,7.1054e-17,2.08e-30,1.6653e-09,1.8874e-09,
2122,48.8446,4.3125e-15,1.2212e-15,7.4385e-17,1.7041e-30,1.2212e-09,1.7989e-09,
2123,48.8671,4.0065e-15,1.6653e-15,7.494e-17,2.1744e-30,1.6653e-09,1.9603e-09,
2124,48.89,3.9513e-15,1.3323e-15,6.7724e-17,1.5966e-30,1.3323e-09,1.667e-09,
2125,48.9128,4.1815e-15,2.9976e-15,1.6431e-16,9.474e-30,2.9976e-09,4.1444e-09,
2126,48.9367,6.1263e-15,8.8818e-16,4.996e-17,7.7962e-31,8.8818e-10,1.217e-09,
2127,48.9588,5.5782e-15,2.2204e-15,1.1269e-16,4.5394e-30,2.2204e-09,2.8368e-09,
2128,48.9818,4.3605e-15,1.7764e-15,9.992e-17,3.2202e-30,1.7764e-09,2.4173e-09,
2129,49.0043,5.5639e-15,1.8874e-15,9.77e-17,3.5256e-30,1.8874e-09,2.4965e-09,
2130,49.0274,5.1963e-15,1.3323e-15,7.5495e-17,1.778e-30,1.3323e-09,1.7948e-09,
2131,49.0487,4.6086e-15,3.1086e-15,1.8097e-16,1.0775e-29,3.1086e-09,4.4233e-09,
2132,49.0717,6.4764e-15,6.6613e-16,4.5519e-17,5.9357e-31,6.6613e-10,1.0569e-09,
2133,49.0935,5.7669e-15,1.8874e-15,9.3259e-17,2.9875e-30,1.8874e-09,2.3248e-09,
2134,49.1165,3.7129e-15,1.3323e-15,8.4377e-17,2.045e-30,1.3323e-09,1.9684e-09,
2135,49.1385,4.7219e-15,1.6653e-15,8.6597e-17,2.6381e-30,1.6653e-09,2.1674e-09,
2136,49.1609,4.3001e-15,1.4433e-15,7.7161e-17,1.9679e-30,1.4433e-09,1.8817e-09,
2137,49.1829,4.3934e-15,1.7764e-15,8.1601e-17,2.538e-30,1.7764e-09,2.1012e-09,
2138,49.2051,4.4662e-15,1.2212e-15,7.9936e-17,1.9644e-30,1.2212e-09,1.9015e-09,
2139,49.2275,4.2484e-15,1.5543e-15,7.8826e-17,2.1513e-30,1.5543e-09,1.9827e-09,
2140,49.2499,3.9926e-15,1.2212e-15,7.3275e-17,1.6702e-30,1.2212e-09,1.749e-09,
2141,49.2719,3.955e-15,1.2212e-15,6.6613e-17,1.5334e-30,1.2212e-09,1.6864e-09,
2142,49.2951,3.4909e-15,8.8818e-16,4.3299e-17,7.7384e-31,8.8818e-10,1.0925e-09,
2143,49.3169,3.0403e-15,2.3315e-15,1.1768e-16,5.0891e-30,2.3315e-09,2.9651e-09,
2144,49.34,4.6465e-15,1.8874e-15,8.8263e-17,2.8431e-30,1.8874e-09,2.2346e-09,
2145,49.3629,5.8343e-15,1.5543e-15,9.881e-17,3.3742e-30,1.5543e-09,2.4486e-09,
2146,49.386,4.8133e-15,1.3323e-15,5.3846e-17,1.1975e-30,1.3323e-09,1.4459e-09,
2147,49.4079,4.1955e-15,2.3315e-15,1.4988e-16,7.4865e-30,2.3315e-09,3.6853e-09,
2148,49.4316,5.5345e-15,5.5511e-16,3.1641e-17,3.0545e-31,5.5511e-10,7.7158e-10,
2149,49.4535,4.6887e-15,3.4417e-15,1.5099e-16,9.1875e-30,3.4417e-09,3.9607e-09,
2150,49.477,5.7789e-15,7.7716e-16,5.3846e-17,9.3099e-31,7.7716e-10,1.3176e-09,
2151,49.4991,5.8859e-15,2.4425e-15,9.1038e-17,3.8149e-30,2.4425e-09,2.5303e-09,
2152,49.522,4.4427e-15,1.8319e-15,1.0991e-16,3.9844e-30,1.8319e-09,2.731e-09,
2153,49.5454,5.4825e-15,3.3307e-16,2.2204e-17,1.4483e-31,3.3307e-10,5.1608e-10,
2154,49.5672,3.4185e-15,1.0547e-15,7.7716e-17,1.741e-30,1.0547e-09,1.7284e-09,
2155,49.5904,2.6691e-15,1.2212e-15,6.4393e-17,1.3146e-30,1.2212e-09,1.5352e-09,
2156,49.612,3.5104e-15,1.9984e-15,1.4433e-16,6.0351e-30,1.9984e-09,3.3187e-09,
2157,49.6359,5.3312e-15,7.7716e-16,5.107e-17,8.6128e-31,7.7716e-10,1.2887e-09,
2158,49.658,4.6883e-15,1.3323e-15,5.7732e-17,1.2453e-30,1.3323e-09,1.4752e-09,
2159,49.6802,3.0874e-15,2.387e-15,1.5044e-16,7.3282e-30,2.387e-09,3.7057e-09,
2160,49.7042,5.2029e-15,5.5511e-16,3.5527e-17,4.0367e-31,5.5511e-10,8.7538e-10,
2161,49.7269,4.1276e-15,1.5543e-15,5.9952e-17,1.5731e-30,1.5543e-09,1.6426e-09,
2162,49.7488,2.7531e-15,2.387e-15,1.571e-16,7.7796e-30,2.387e-09,3.8471e-09,
2163,49.7726,6.18e-15,6.6613e-16,3.4417e-17,4.3333e-31,6.6613e-10,8.763e-10,
2164,49.7948,5.1879e-15,1.1102e-15,7.2164e-17,1.5546e-30,1.1102e-09,1.6946e-09,
2165,49.8173,2.7084e-15,1.4433e-15,6.8834e-17,1.7846e-30,1.4433e-09,1.7849e-09,
2166,49.8403,3.5563e-15,1.1102e-15,5.9952e-17,1.2515e-30,1.1102e-09,1.4942e-09,
2167,49.8628,3.5111e-15,2.7756e-15,1.5654e-16,8.5126e-30,2.7756e-09,3.8979e-09,
2168,49.8861,5.5925e-15,6.6613e-16,3.9968e-17,4.8996e-31,6.6613e-10,9.4574e-10,
2169,49.9085,5.127e-15,1.7764e-15,8.0491e-17,2.4656e-30,1.7764e-09,2.0925e-09,
2170,49.9315,3.3302e-15,1.3323e-15,9.1038e-17,2.5765e-30,1.3323e-09,2.1857e-09,
2171,49.954,4.3789e-15,1.7764e-15,8.3267e-17,2.5376e-30,1.7764e-09,2.1096e-09,
2172,49.977,4.3978e-15,1.3323e-15,8.2157e-17,2.1127e-30,1.3323e-09,1.9531e-09,
2173,50.0006,4.3097e-15,1.7764e-15,8.3267e-17,2.6562e-30,1.7764e-09,2.1323e-09,
2174,50.0235,4.3017e-15,1.2212e-15,7.4385e-17,1.778e-30,1.2212e-09,1.7816e-09,
2175,50.0464,4.0692e-15,1.5543e-15,7.5495e-17,2.0569e-30,1.5543e-09,1.9237e-09,
2176,50.0693,3.8051e-15,1.1102e-15,7.6605e-17,1.7969e-30,1.1102e-09,1.8382e-09,
2177,50.0919,3.7308e-15,1.4433e-15,5.8842e-17,1.4329e-30,1.4433e-09,1.5821e-09,
2178,50.1141,3.7607e-15,2.4425e-15,1.4877e-16,6.8274e-30,2.4425e-09,3.5685e-09,
2179,50.1386,6.177e-15,1.3323e-15,5.218e-17,1.1571e-30,1.3323e-09,1.3761e-09,
2180,50.1602,5.9463e-15,1.9984e-15,1.3267e-16,5.8044e-30,1.9984e-09,3.2217e-09,
2181,50.1842,5.2512e-15,7.7716e-16,2.72e-17,3.6862e-31,7.7716e-10,7.8115e-10,
2182,50.2058,4.7974e-15,2.72e-15,1.7153e-16,9.6008e-30,2.72e-09,4.2579e-09,
2183,50.2291,5.8787e-15,1.2212e-15,4.885e-17,1.0496e-30,1.2212e-09,1.3301e-09,
2184,50.2512,6.0873e-15,1.8874e-15,1.2657e-16,5.0386e-30,1.8874e-09,3.0845e-09,
2185,50.2764,4.8919e-15,6.6613e-16,3.8858e-17,5.3194e-31,6.6613e-10,9.7425e-10,
2186,50.2985,4.2216e-15,1.2212e-15,6.1062e-17,1.3177e-30,1.2212e-09,1.5358e-09,
2187,50.3206,2.7562e-15,2.8866e-15,1.682e-16,9.7502e-30,2.8866e-09,4.184e-09,
2188,50.3443,5.9773e-15,6.6613e-16,4.5519e-17,5.824e-31,6.6613e-10,1.0792e-09,
2189,50.3661,5.1549e-15,1.8874e-15,7.0499e-17,2.1497e-30,1.8874e-09,1.923e-09,
2190,50.3882,3.5049e-15,3.5527e-15,2.1927e-16,1.4559e-29,3.5527e-09,5.3321e-09,
2191,50.413,7.6292e-15,1.2212e-15,4.3299e-17,9.152e-31,1.2212e-09,1.205e-09,
2192,50.4347,6.9863e-15,1.9429e-15,1.1935e-16,4.6873e-30,1.9429e-09,2.9839e-09,
2193,50.4585,4.6463e-15,7.7716e-16,2.276e-17,3.2394e-31,7.7716e-10,7.1412e-10,
2194,50.4803,4.3943e-15,2.5535e-15,1.4322e-16,7.3971e-30,2.5535e-09,3.8024e-09,
2195,50.5038,4.7567e-15,7.7716e-16,1.8874e-17,3.1431e-31,7.7716e-10,7.0349e-10,
2196,50.5253,4.7797e-15,2.4425e-15,1.1546e-16,5.2062e-30,2.4425e-09,3.2333e-09,
2197,50.55,3.9632e-15,5.5511e-16,1.6098e-17,1.7141e-31,5.5511e-10,5.2941e-10,
2198,50.5701,4.0059e-15,1.1657e-15,7.8826e-17,1.7487e-30,1.1657e-09,1.5977e-09,
2199,50.5931,2.6883e-15,8.3267e-16,5.3291e-17,9.3985e-31,8.3267e-10,1.0783e-09,
2200,50.6172,4.3536e-15,1.7764e-15,1.3101e-16,4.769e-30,1.7764e-09,2.6608e-09,
2201,50.643,5.7773e-15,4.4409e-16,1.9984e-17,1.3096e-31,4.4409e-10,4.8937e-10,
2202,50.663,4.4454e-15,2.9421e-15,2.0095e-16,1.1834e-29,2.9421e-09,4.7182e-09,
2203,50.687,5.8108e-15,5.5511e-16,3.3307e-17,4.0868e-31,5.5511e-10,8.7903e-10,
2204,50.709,5.4468e-15,1.3323e-15,5.9397e-17,1.3254e-30,1.3323e-09,1.4875e-09,
2205,50.7308,2.6329e-15,2.4425e-15,1.4877e-16,7.1926e-30,2.4425e-09,3.6437e-09,
2206,50.754,5.9877e-15,8.8818e-16,4.4409e-17,7.3031e-31,8.8818e-10,1.134e-09,
2207,50.7754,5.3667e-15,1.6653e-15,9.3259e-17,2.9894e-30,1.6653e-09,2.3204e-09,
2208,50.7979,3.8284e-15,1.8874e-15,8.8818e-17,3.0353e-30,1.8874e-09,2.3004e-09,
2209,50.8201,5.0365e-15,1.5543e-15,8.3267e-17,2.3315e-30,1.5543e-09,2.0301e-09,
2210,50.8424,4.8507e-15,1.7764e-15,9.3259e-17,3.0572e-30,1.7764e-09,2.3307e-09,
2211,50.8653,4.6746e-15,1.4433e-15,9.1038e-17,2.6455e-30,1.4433e-09,2.1834e-09,
2212,50.8879,4.5344e-15,1.7764e-15,9.1038e-17,2.8396e-30,1.7764e-09,2.2737e-09,
2213,50.9099,4.5418e-15,1.1657e-15,8.0491e-17,1.9849e-30,1.1657e-09,1.8952e-09,
2214,50.9321,4.1565e-15,1.3323e-15,7.4385e-17,1.7965e-30,1.3323e-09,1.8269e-09,
2215,50.9541,3.6258e-15,1.3323e-15,6.2172e-17,1.3809e-30,1.3323e-09,1.5537e-09,
2216,50.976,3.7374e-15,2.6645e-15,1.5821e-16,8.6024e-30,2.6645e-09,3.9271e-09,
2217,50.9989,5.7583e-15,6.6613e-16,3.4417e-17,3.8365e-31,6.6613e-10,8.2779e-10,
2218,51.0196,5.1509e-15,3.1086e-15,1.843e-16,1.1165e-29,3.1086e-09,4.5062e-09,
2219,51.0426,5.977e-15,8.8818e-16,5.4401e-17,9.7221e-31,8.8818e-10,1.3363e-09,
2220,51.0641,5.9253e-15,2.6645e-15,1.0658e-16,4.8703e-30,2.6645e-09,2.888e-09,
2221,51.0869,4.8217e-15,1.8319e-15,1.2101e-16,4.633e-30,1.8319e-09,2.9492e-09,
2222,51.1095,6.2411e-15,2.2204e-15,9.881e-17,3.615e-30,2.2204e-09,2.5792e-09,
2223,51.1319,5.5833e-15,1.6653e-15,9.992e-17,3.1712e-30,1.6653e-09,2.4331e-09,
2224,51.1541,5.3659e-15,2.2204e-15,9.77e-17,3.7367e-30,2.2204e-09,2.5387e-09,
2225,51.1766,5.4727e-15,1.4988e-15,1.0436e-16,3.3176e-30,1.4988e-09,2.5019e-09,
2226,51.1988,5.2349e-15,2.1094e-15,9.3259e-17,3.5345e-30,2.1094e-09,2.4283e-09,
2227,51.2213,5.1451e-15,1.6098e-15,1.0492e-16,3.4794e-30,1.6098e-09,2.5674e-09,
2228,51.244,4.9525e-15,1.9984e-15,8.1601e-17,2.7044e-30,1.9984e-09,2.1658e-09,
2229,51.2661,4.8853e-15,1.6098e-15,9.77e-17,3.1462e-30,1.6098e-09,2.4617e-09,
2230,51.2884,4.498e-15,1.5543e-15,5.8842e-17,1.5442e-30,1.5543e-09,1.604e-09,
2231,51.3099,4.1848e-15,2.6645e-15,1.7042e-16,9.0523e-30,2.6645e-09,4.1237e-09,
2232,51.333,6.1729e-15,8.8818e-16,5.3291e-17,1.0261e-30,8.8818e-10,1.3658e-09,
2233,51.3544,5.1908e-15,1.5543e-15,7.383e-17,2.0342e-30,1.5543e-09,1.872e-09,
2234,51.3771,3.4882e-15,1.5543e-15,9.2704e-17,2.9802e-30,1.5543e-09,2.3246e-09,
2235,51.3994,4.3937e-15,1.4433e-15,7.1054e-17,1.8997e-30,1.4433e-09,1.8103e-09,
2236,51.4218,4.1984e-15,1.4433e-15,9.1038e-17,2.8554e-30,1.4433e-09,2.3042e-09,
2237,51.4442,3.9524e-15,9.992e-16,3.4417e-17,5.6853e-31,9.992e-10,9.7641e-10,
2238,51.4656,3.5689e-15,2.3315e-15,1.5099e-16,7.448e-30,2.3315e-09,3.7553e-09,
2239,51.4889,4.8268e-15,5.5511e-16,2.1094e-17,1.9876e-31,5.5511e-10,5.7838e-10,
2240,51.5098,4.4614e-15,1.7764e-15,1.1213e-16,4.2359e-30,1.7764e-09,2.7959e-09,
2241,51.5327,3.5805e-15,5.5511e-16,1.7208e-17,1.637e-31,5.5511e-10,5.1427e-10,
2242,51.5528,3.7082e-15,2.1094e-15,1.1824e-16,4.6426e-30,2.1094e-09,2.9474e-09,
2243,51.5759,3.7754e-15,4.4409e-16,1.7208e-17,1.3751e-31,4.4409e-10,4.7076e-10,
2244,51.5978,3.7631e-15,8.6042e-16,4.6074e-17,7.7384e-31,8.6042e-10,1.107e-09,
2245,51.6213,1.8201e-15,1.1657e-15,7.2164e-17,1.6116e-30,1.1657e-09,1.7786e-09,
2246,51.6438,2.9387e-15,1.4433e-15,4.2188e-17,1.1217e-30,1.4433e-09,1.3379e-09,
2247,51.6646,3.7676e-15,2.7756e-15,1.3989e-16,6.1803e-30,2.7756e-09,2.6832e-09,
2248,51.6867,6.1116e-15,1.7764e-15,1.3822e-16,5.2343e-30,1.7764e-09,2.8588e-09,
2249,51.7099,9.5519e-15,4.4409e-16,1.4988e-17,1.1594e-31,4.4409e-10,4.4014e-10,
2250,51.7297,4.5992e-15,3.2196e-15,2.0317e-16,1.2995e-29,3.2196e-09,4.9791e-09,
2251,51.7527,6.1787e-15,1.1102e-15,3.7748e-17,7.307e-31,1.1102e-09,1.1017e-09,
2252,51.7746,6.4538e-15,1.8874e-15,1.1713e-16,4.3484e-30,1.8874e-09,2.8822e-09,
2253,51.7977,4.3616e-15,6.6613e-16,1.8874e-17,2.4344e-31,6.6613e-10,6.1998e-10,
2254,51.8176,4.0582e-15,1.9984e-15,9.992e-17,3.4482e-30,1.9984e-09,2.0624e-09,
2255,51.8401,4.0181e-15,1.2768e-15,1.0658e-16,3.1015e-30,1.2768e-09,2.1185e-09,
2256,51.8622,6.9808e-15,8.8818e-16,4.6629e-17,6.8255e-31,8.8818e-10,9.3953e-10,
2257,51.8828,5.0135e-15,2.9421e-15,2.3093e-16,1.4842e-29,2.9421e-09,4.6392e-09,
2258,51.9062,9.1912e-15,3.3307e-16,1.6098e-17,1.0516e-31,3.3307e-10,4.0168e-10,
2259,51.9261,7.511e-15,2.276e-15,1.0547e-16,4.41e-30,2.276e-09,2.5467e-09,
2260,51.9492,4.85e-15,1.3878e-15,8.3822e-17,2.3947e-30,1.3878e-09,2.0334e-09,
2261,51.9715,5.9844e-15,4.996e-16,2.8311e-17,2.5769e-31,4.996e-10,5.4034e-10,
2262,51.9921,3.8233e-15,1.9984e-15,1.1213e-16,4.0691e-30,1.9984e-09,2.3727e-09,
2263,52.0146,5.7045e-15,1.2212e-15,8.3822e-17,1.9587e-30,1.2212e-09,1.6738e-09,
2264,52.0372,6.8788e-15,7.2164e-16,4.1633e-17,5.0113e-31,7.2164e-10,7.5641e-10,
2265,52.0587,4.3408e-15,3.0531e-15,2.0206e-16,1.165e-29,3.0531e-09,3.8192e-09,
2266,52.082,9.012e-15,4.4409e-16,2.7756e-17,2.2341e-31,4.4409e-10,6.1291e-10,
2267,52.1026,7.201e-15,2.276e-15,1.6764e-16,7.8378e-30,2.276e-09,3.8081e-09,
2268,52.1257,5.3283e-15,5.5511e-16,3.6637e-17,4.395e-31,5.5511e-10,8.709e-10,
2269,52.1473,4.7807e-15,1.7764e-15,7.9381e-17,2.37e-30,1.7764e-09,2.018e-09,
2270,52.1698,3.2498e-15,1.5543e-15,7.7716e-17,1.9644e-30,1.5543e-09,1.9028e-09,
2271,52.1921,4.6544e-15,1.6653e-15,9.992e-17,3.2421e-30,1.6653e-09,2.4256e-09,
2272,52.2145,4.476e-15,1.3323e-15,6.7168e-17,1.5827e-30,1.3323e-09,1.6664e-09,
2273,52.236,4.2128e-15,3.2196e-15,1.682e-16,9.8735e-30,3.2196e-09,4.1878e-09,
2274,52.2591,6.4391e-15,7.7716e-16,5.107e-17,9.2945e-31,7.7716e-10,1.2746e-09,
2275,52.2806,5.6942e-15,2.3315e-15,9.4924e-17,3.786e-30,2.3315e-09,2.5254e-09,
2276,52.3034,4.3467e-15,1.7764e-15,1.1657e-16,4.4115e-30,1.7764e-09,2.8759e-09,
2277,52.3255,5.6825e-15,2.1094e-15,9.2149e-17,3.464e-30,2.1094e-09,2.4201e-09,
2278,52.3478,5.2846e-15,1.6653e-15,9.4369e-17,3.0183e-30,1.6653e-09,2.3386e-09,
2279,52.3699,5.2815e-15,1.8874e-15,9.2149e-17,3.1651e-30,1.8874e-09,2.3561e-09,
2280,52.3923,5.0045e-15,1.3323e-15,7.9936e-17,2.1093e-30,1.3323e-09,1.9358e-09,
2281,52.4147,4.5434e-15,1.5543e-15,7.7716e-17,2.0692e-30,1.5543e-09,1.9378e-09,
2282,52.4373,4.1313e-15,1.3323e-15,7.8826e-17,1.9506e-30,1.3323e-09,1.9188e-09,
2283,52.4596,4.0801e-15,1.4433e-15,7.3275e-17,1.9849e-30,1.4433e-09,1.8505e-09,
2284,52.4818,3.9396e-15,1.1102e-15,5.7732e-17,1.1402e-30,1.1102e-09,1.4266e-09,
2285,52.5034,3.6463e-15,2.7756e-15,1.4988e-16,8.1197e-30,2.7756e-09,3.7735e-09,
2286,52.5264,5.621e-15,5.5511e-16,2.9976e-17,3.0199e-31,5.5511e-10,7.6473e-10,
2287,52.5479,5.111e-15,1.1102e-15,6.7724e-17,1.5176e-30,1.1102e-09,1.6465e-09,
2288,52.5705,2.5213e-15,1.1102e-15,4.7184e-17,8.2776e-31,1.1102e-09,1.1882e-09,
2289,52.5921,3.2115e-15,1.9429e-15,1.3267e-16,5.4392e-30,1.9429e-09,3.1764e-09,
2290,52.6162,4.522e-15,7.7716e-16,3.2196e-17,4.0984e-31,7.7716e-10,8.5432e-10,
2291,52.6381,4.1604e-15,2.6645e-15,1.7764e-16,1.0143e-29,2.6645e-09,4.3192e-09,
2292,52.6612,5.6388e-15,7.7716e-16,2.2204e-17,3.2202e-31,7.7716e-10,7.2075e-10,
2293,52.6818,5.7858e-15,8.3267e-16,3.9968e-17,5.9627e-31,8.3267e-10,1.03e-09,
2294,52.7036,1.7421e-15,1.0547e-15,4.3299e-17,7.6151e-31,1.0547e-09,1.1147e-09,
2295,52.7259,2.1508e-15,6.1062e-16,4.0523e-17,5.0883e-31,6.1062e-10,9.8519e-10,
2296,52.7476,1.8585e-15,8.8818e-16,3.1086e-17,4.8071e-31,8.8818e-10,8.9617e-10,
2297,52.7683,2.1143e-15,1.6653e-15,7.1054e-17,2.0492e-30,1.6653e-09,1.8355e-09,
2298,52.7905,3.3284e-15,9.992e-16,3.9968e-17,7.1799e-31,9.992e-10,1.029e-09,
2299,52.8112,3.882e-15,2.609e-15,1.4877e-16,7.6933e-30,2.609e-09,3.1318e-09,
2300,52.8363,7.9206e-15,7.2164e-16,4.3299e-17,5.331e-31,7.2164e-10,1.0405e-09,
2301,52.861,6.1785e-15,5.5511e-16,2.9976e-17,3.3126e-31,5.5511e-10,7.0591e-10,
2302,52.8811,2.1184e-15,3.4417e-15,1.3767e-16,8.6913e-30,3.4417e-09,2.7339e-09,
2303,52.9034,7.108e-15,2.72e-15,1.5543e-16,7.6887e-30,2.72e-09,3.7179e-09,
2304,52.9269,1.18e-14,4.4409e-16,1.8319e-17,1.3443e-31,4.4409e-10,4.7988e-10,
2305,52.9478,5.0403e-15,1.4433e-15,1.0769e-16,3.4405e-30,1.4433e-09,2.5424e-09,
2306,52.9708,3.6503e-15,2.1094e-15,8.8818e-17,3.291e-30,2.1094e-09,2.3716e-09,
2307,52.9934,5.1592e-15,1.5543e-15,1.0103e-16,3.1631e-30,1.5543e-09,2.4204e-09,
2308,53.0156,5.1719e-15,2.1094e-15,8.8818e-17,3.1543e-30,2.1094e-09,2.3403e-09,
2309,53.0379,5.1896e-15,1.6653e-15,9.6589e-17,3.1416e-30,1.6653e-09,2.3909e-09,
2310,53.0603,5.309e-15,2.1094e-15,8.2157e-17,2.9783e-30,2.1094e-09,2.2128e-09,
2311,53.0827,5.2804e-15,1.5543e-15,1.0214e-16,3.5318e-30,1.5543e-09,2.5621e-09,
2312,53.1052,5.167e-15,2.1094e-15,8.9928e-17,3.2467e-30,2.1094e-09,2.3351e-09,
2313,53.1277,5.1845e-15,1.4433e-15,8.7153e-17,2.5703e-30,1.4433e-09,2.1665e-09,
2314,53.1499,5.0732e-15,1.6653e-15,7.272e-17,2.0835e-30,1.6653e-09,1.8828e-09,
2315,53.1724,4.4922e-15,1.6653e-15,8.9928e-17,2.8149e-30,1.6653e-09,2.2517e-09,
2316,53.1947,4.6897e-15,1.8874e-15,9.992e-17,3.6285e-30,1.8874e-09,2.5362e-09,
2317,53.2169,4.9086e-15,1.6653e-15,7.7716e-17,2.1879e-30,1.6653e-09,1.96e-09,
2318,53.2404,4.9099e-15,1.5543e-15,9.0483e-17,2.8816e-30,1.5543e-09,2.2468e-09,
2319,53.2631,4.4926e-15,1.4433e-15,5.9952e-17,1.4364e-30,1.4433e-09,1.5714e-09,
2320,53.2846,4.207e-15,2.387e-15,1.5765e-16,8.2526e-30,2.387e-09,3.9146e-09,
2321,53.3077,5.495e-15,5.5511e-16,3.3307e-17,3.4859e-31,5.5511e-10,8.2413e-10,
2322,53.3291,4.551e-15,1.7764e-15,7.383e-17,2.1882e-30,1.7764e-09,1.9386e-09,
2323,53.3515,3.1157e-15,1.1657e-15,7.6605e-17,1.8231e-30,1.1657e-09,1.8624e-09,
2324,53.374,4.0033e-15,1.4433e-15,5.4401e-17,1.3959e-30,1.4433e-09,1.5156e-09,
2325,53.3955,3.7248e-15,2.276e-15,1.5432e-16,7.4788e-30,2.276e-09,3.7258e-09,
2326,53.4185,5.7744e-15,1.2212e-15,4.5519e-17,9.7683e-31,1.2212e-09,1.2535e-09,
2327,53.44,5.5439e-15,1.8874e-15,1.2268e-16,4.8845e-30,1.8874e-09,3.0199e-09,
2328,53.4631,4.9073e-15,8.8818e-16,3.6637e-17,5.747e-31,8.8818e-10,9.8997e-10,
2329,53.4847,4.5208e-15,1.5543e-15,9.77e-17,3.0106e-30,1.5543e-09,2.3553e-09,
2330,53.5072,3.8278e-15,1.8874e-15,8.6597e-17,2.8354e-30,1.8874e-09,2.2278e-09,
2331,53.5294,4.8766e-15,1.3323e-15,9.1038e-17,2.4405e-30,1.3323e-09,2.194e-09,
2332,53.5516,4.4229e-15,1.6653e-15,8.1601e-17,2.3685e-30,1.6653e-09,2.0455e-09,
2333,53.574,4.1887e-15,1.3323e-15,7.605e-17,1.8524e-30,1.3323e-09,1.8352e-09,
2334,53.5961,4.2304e-15,1.7764e-15,8.1046e-17,2.5284e-30,1.7764e-09,2.0967e-09,
2335,53.6184,4.2579e-15,1.3323e-15,7.8826e-17,1.9306e-30,1.3323e-09,1.8781e-09,
2336,53.641,4.2672e-15,1.4433e-15,7.7716e-17,2.0338e-30,1.4433e-09,1.9099e-09,
2337,53.6632,3.9476e-15,1.0547e-15,7.1054e-17,1.518e-30,1.0547e-09,1.7112e-09,
2338,53.6855,3.5354e-15,1.4433e-15,6.7168e-17,1.743e-30,1.4433e-09,1.7378e-09,
2339,53.7079,3.4933e-15,1.1102e-15,6.8834e-17,1.4579e-30,1.1102e-09,1.6616e-09,
2340,53.7303,3.6789e-15,1.2212e-15,7.2164e-17,1.7056e-30,1.2212e-09,1.763e-09,
2341,53.7527,3.3342e-15,9.992e-16,4.3854e-17,6.8139e-31,9.992e-10,1.1023e-09,
2342,53.7743,3.2294e-15,1.7764e-15,1.1047e-16,4.0695e-30,1.7764e-09,2.7631e-09,
2343,53.7976,3.811e-15,3.3307e-16,8.8818e-18,5.8548e-32,3.3307e-10,3.0545e-10,
2344,53.8166,3.4586e-15,2.3315e-15,7.9381e-17,3.105e-30,2.3315e-09,1.6044e-09,
2345,53.8395,4.1915e-15,4.6629e-15,2.5646e-16,2.103e-29,4.6629e-09,5.9017e-09,
2346,53.8626,1.2248e-14,6.1062e-16,3.6637e-17,3.8365e-31,6.1062e-10,7.5765e-10,
2347,53.8841,8.6794e-15,6.1062e-16,3.9968e-17,4.3487e-31,6.1062e-10,8.7114e-10,
2348,53.9058,2.023e-15,1.6653e-15,8.1601e-17,2.1559e-30,1.6653e-09,1.7804e-09,
2349,53.9281,3.6342e-15,1.2212e-15,8.1046e-17,2.0554e-30,1.2212e-09,1.8844e-09,
2350,53.9504,4.6606e-15,1.5543e-15,6.5503e-17,1.6675e-30,1.5543e-09,1.6733e-09,
2351,53.972,4.1365e-15,2.5535e-15,1.6098e-16,8.5299e-30,2.5535e-09,3.9544e-09,
2352,53.9955,6.5961e-15,1.1102e-15,7.1054e-17,1.7534e-30,1.1102e-09,1.7932e-09,
2353,54.0176,5.6794e-15,8.8818e-16,4.2744e-17,6.059e-31,8.8818e-10,1.0542e-09,
2354,54.0393,2.8436e-15,1.8319e-15,1.2323e-16,4.9104e-30,1.8319e-09,3.0229e-09,
2355,54.0623,4.1316e-15,6.6613e-16,2.2204e-17,2.5884e-31,6.6613e-10,6.5221e-10,
2356,54.0831,4.0226e-15,1.6653e-15,9.2149e-17,2.9135e-30,1.6653e-09,2.2837e-09,
2357,54.1054,3.0658e-15,8.8818e-16,4.3299e-17,7.8771e-31,8.8818e-10,1.1698e-09,
2358,54.1269,3.2916e-15,1.7764e-15,1.1102e-16,4.2698e-30,1.7764e-09,2.7987e-09,
2359,54.1499,4.0426e-15,6.6613e-16,1.9429e-17,2.3458e-31,6.6613e-10,5.9397e-10,
2360,54.1701,3.9767e-15,3.3307e-15,1.1657e-16,6.4022e-30,3.3307e-09,2.3742e-09,
2361,54.1926,6.1235e-15,1.9429e-15,1.2212e-16,5.0355e-30,1.9429e-09,2.9018e-09,
2362,54.2155,1.0615e-14,3.3307e-16,2.5535e-17,1.6948e-31,3.3307e-10,5.8676e-10,
2363,54.2362,4.2189e-15,1.3323e-15,8.8263e-17,2.1713e-30,1.3323e-09,1.9427e-09,
2364,54.2585,3.3075e-15,1.2212e-15,8.6597e-17,2.1925e-30,1.2212e-09,2.0491e-09,
2365,54.2808,4.4651e-15,1.1102e-15,5.2736e-17,9.1096e-31,1.1102e-09,1.287e-09,
2366,54.3027,3.5115e-15,2.1094e-15,1.3989e-16,6.2835e-30,2.1094e-09,3.4403e-09,
2367,54.3257,4.7011e-15,7.7716e-16,3.3307e-17,4.4258e-31,7.7716e-10,8.7686e-10,
2368,54.3463,4.3952e-15,3.1086e-15,1.8874e-16,1.1981e-29,3.1086e-09,4.6703e-09,
2369,54.3695,6.111e-15,8.8818e-16,4.1078e-17,6.3671e-31,8.8818e-10,1.0511e-09,
2370,54.3911,6.1756e-15,1.8874e-15,1.1324e-16,4.3973e-30,1.8874e-09,2.8186e-09,
2371,54.4146,4.0721e-15,7.7716e-16,2.8866e-17,3.7286e-31,7.7716e-10,7.9422e-10,
2372,54.4358,3.993e-15,2.276e-15,1.3656e-16,6.5177e-30,2.276e-09,3.5008e-09,
2373,54.4592,4.3429e-15,7.7716e-16,2.4425e-17,3.2972e-31,7.7716e-10,7.0862e-10,
2374,54.4792,4.6454e-15,3.6637e-15,1.3434e-16,8.2522e-30,3.6637e-09,2.8174e-09,
2375,54.5014,6.7337e-15,2.2204e-15,1.4211e-16,6.4896e-30,2.2204e-09,3.326e-09,
2376,54.5246,1.1623e-14,2.2204e-16,8.8818e-18,3.2356e-32,2.2204e-10,2.4718e-10,
2377,54.5436,4.8871e-15,3.9968e-15,2.3981e-16,1.7034e-29,3.9968e-09,5.63e-09,
2378,54.5669,7.3734e-15,7.7716e-16,2.8311e-17,3.8865e-31,7.7716e-10,7.9373e-10,
2379,54.5883,7.3306e-15,1.3878e-15,7.5495e-17,1.9876e-30,1.3878e-09,1.9614e-09,
2380,54.6106,2.7956e-15,1.2212e-15,3.7192e-17,8.6012e-31,1.2212e-09,1.1698e-09,
2381,54.6313,3.286e-15,4.3299e-15,2.5924e-16,2.2511e-29,4.3299e-09,6.5715e-09,
2382,54.6547,8.76e-15,1.5543e-15,6.4393e-17,1.721e-30,1.5543e-09,1.699e-09,
2383,54.6768,8.5669e-15,2.5535e-15,1.7375e-16,9.4267e-30,2.5535e-09,4.1916e-09,
2384,54.7002,6.5419e-15,1.2212e-15,5.7176e-17,1.2592e-30,1.2212e-09,1.4805e-09,
2385,54.722,6.2211e-15,2.2204e-15,1.3101e-16,5.5266e-30,2.2204e-09,3.2059e-09,
2386,54.7456,5.2667e-15,8.3267e-16,4.885e-17,8.3701e-31,8.3267e-10,1.2436e-09,
2387,54.7701,4.4283e-15,5.5511e-16,2.6645e-17,2.5576e-31,5.5511e-10,6.6169e-10,
2388,54.791,1.8498e-15,2.4425e-15,1.3212e-16,5.8968e-30,2.4425e-09,3.1873e-09,
2389,54.8159,4.6019e-15,7.7716e-16,2.2204e-17,3.251e-31,7.7716e-10,7.0869e-10,
2390,54.837,5.0794e-15,6.6613e-16,3.3307e-17,3.6362e-31,6.6613e-10,7.1469e-10,
2391,54.8587,1.8406e-15,1.4433e-15,6.2172e-17,1.5407e-30,1.4433e-09,1.1914e-09,
2392,54.8808,3.8478e-15,2.3315e-15,1.471e-16,6.2758e-30,2.3315e-09,2.9551e-09,
2393,54.9054,8.6902e-15,5.5511e-16,4.1078e-17,4.4219e-31,5.5511e-10,9.6456e-10,
2394,54.9272,5.5582e-15,7.7716e-16,4.5519e-17,5.9627e-31,7.7716e-10,1.0031e-09,
2395,54.9495,2.4118e-15,3.4417e-15,2.5036e-16,1.713e-29,3.4417e-09,5.6481e-09,
2396,54.973,7.8641e-15,7.7716e-16,4.4409e-17,6.579e-31,7.7716e-10,1.1131e-09,
2397,54.9957,7.0953e-15,1.9984e-15,1.0381e-16,3.7274e-30,1.9984e-09,2.5103e-09,
2398,55.0191,3.9757e-15,1.7764e-15,8.0491e-17,2.407e-30,1.7764e-09,2.0596e-09,
2399,55.043,5.2615e-15,1.6653e-15,1.0658e-16,3.7255e-30,1.6653e-09,2.5914e-09,
2400,55.0672,4.8052e-15,1.2212e-15,5.218e-17,1.065e-30,1.2212e-09,1.3482e-09,
2401,55.0932,4.1694e-15,2.2204e-15,1.3933e-16,6.6795e-30,2.2204e-09,3.4937e-09,
2402,55.1167,5.1032e-15,6.6613e-16,2.1649e-17,2.6231e-31,6.6613e-10,6.4772e-10,
2403,55.1377,4.6974e-15,1.4433e-15,8.6597e-17,2.1956e-30,1.4433e-09,1.9248e-09,
2404,55.1612,2.7753e-15,4.4409e-16,2.6645e-17,2.1262e-31,4.4409e-10,4.9748e-10,
2405,55.1835,3.6242e-15,1.7208e-15,7.6605e-17,2.3053e-30,1.7208e-09,1.5826e-09,
2406,55.2046,4.7784e-15,1.3156e-14,4.3132e-16,9.6505e-29,1.3156e-08,8.9797e-09,
2407,55.23,2.9535e-14,3.9413e-15,2.1316e-16,1.4639e-29,3.9413e-09,5.3043e-09,
2408,55.2534,2.5379e-14,1.6653e-16,7.7716e-18,4.0059e-32,1.6653e-10,2.2414e-10,
2409,55.2746,6.2353e-15,1.1657e-15,5.8287e-17,1.0743e-30,1.1657e-09,1.2904e-09,
2410,55.2969,2.0535e-15,1.36e-15,8.8263e-17,2.3485e-30,1.36e-09,1.8877e-09,
2411,55.3205,4.6469e-15,8.8818e-16,6.1062e-17,1.1186e-30,8.8818e-10,1.2996e-09,
2412,55.3422,4.6512e-15,1.7764e-15,9.77e-17,2.9567e-30,1.7764e-09,2.0089e-09,
2413,55.3662,5.479e-15,1.6098e-15,1.0825e-16,3.2359e-30,1.6098e-09,2.386e-09,
2414,55.3887,5.584e-15,1.1102e-15,3.8858e-17,7.411e-31,1.1102e-09,1.0331e-09,
2415,55.4106,4.1241e-15,2.4425e-15,1.2879e-16,5.3864e-30,2.4425e-09,2.9266e-09,
2416,55.4337,5.403e-15,9.992e-16,7.9936e-17,1.7256e-30,9.992e-10,1.566e-09,
2417,55.4567,6.3954e-15,2.2204e-15,1.41e-16,5.5159e-30,2.2204e-09,2.8295e-09,
2418,55.4792,6.4907e-15,1.7764e-15,8.7153e-17,2.6073e-30,1.7764e-09,1.9801e-09,
2419,55.5024,7.3176e-15,3.3307e-15,2.1261e-16,1.3497e-29,3.3307e-09,4.6735e-09,
2420,55.5257,8.6659e-15,9.992e-16,4.6629e-17,7.5073e-31,9.992e-10,1.1412e-09,
2421,55.5486,7.062e-15,1.7208e-15,1.1491e-16,4.0957e-30,1.7208e-09,2.7844e-09,
2422,55.5727,4.0048e-15,4.4409e-16,1.6653e-17,1.2172e-31,4.4409e-10,4.5493e-10,
2423,55.594,3.5576e-15,2.8866e-15,1.6764e-16,9.4513e-30,2.8866e-09,4.2736e-09,
2424,55.618,4.9062e-15,4.4409e-16,2.2204e-17,1.2519e-31,4.4409e-10,5.2222e-10,
2425,55.6405,4.9621e-15,1.3878e-15,7.1054e-17,1.8412e-30,1.3878e-09,1.8043e-09,
2426,55.663,2.4561e-15,1.2212e-15,5.5511e-17,1.2561e-30,1.2212e-09,1.4616e-09,
2427,55.6858,3.216e-15,2.2204e-15,9.881e-17,3.8318e-30,2.2204e-09,2.5664e-09,
2428,55.7092,4.3802e-15,1.5543e-15,1.0547e-16,3.4374e-30,1.5543e-09,2.5405e-09,
2429,55.7327,5.4545e-15,1.8874e-15,8.3267e-17,2.7009e-30,1.8874e-09,2.1626e-09,
2430,55.7555,4.909e-15,1.3323e-15,8.9928e-17,2.4887e-30,1.3323e-09,2.1886e-09,
2431,55.7795,4.6045e-15,1.7764e-15,7.5495e-17,2.365e-30,1.7764e-09,2.0118e-09,
2432,55.802,4.445e-15,1.2212e-15,7.4385e-17,1.7303e-30,1.2212e-09,1.7816e-09,
2433,55.8258,4.2499e-15,1.7764e-15,6.8834e-17,2.0908e-30,1.7764e-09,1.8925e-09,
2434,55.8491,4.1906e-15,1.6098e-15,1.0103e-16,3.2221e-30,1.6098e-09,2.4832e-09,
2435,55.8727,4.4862e-15,1.7764e-15,6.6613e-17,2.0507e-30,1.7764e-09,1.8389e-09,
2436,55.8945,4.6132e-15,2.9976e-15,1.9429e-16,1.2157e-29,2.9976e-09,4.7596e-09,
2437,55.9196,7.2214e-15,1.3323e-15,4.996e-17,1.1263e-30,1.3323e-09,1.3766e-09,
2438,55.9412,6.8125e-15,2.2204e-15,1.4544e-16,6.8089e-30,2.2204e-09,3.5353e-09,
2439,55.9661,5.4638e-15,1.1102e-15,4.996e-17,9.5372e-31,1.1102e-09,1.274e-09,
2440,55.9884,5.1159e-15,1.8874e-15,1.0769e-16,4.0075e-30,1.8874e-09,2.6947e-09,
2441,56.0119,4.5913e-15,2.1094e-15,1.0769e-16,4.1126e-30,2.1094e-09,2.7177e-09,
2442,56.0345,5.6825e-15,1.7764e-15,8.1601e-17,2.4625e-30,1.7764e-09,2.0545e-09,
2443,56.0586,5.5019e-15,1.7764e-15,1.0103e-16,3.5114e-30,1.7764e-09,2.5161e-09,
2444,56.0814,4.8898e-15,1.4433e-15,7.8826e-17,1.9999e-30,1.4433e-09,1.924e-09,
2445,56.1042,4.4507e-15,1.6653e-15,8.3267e-17,2.5237e-30,1.6653e-09,2.1314e-09,
2446,56.127,4.3502e-15,1.4433e-15,7.8826e-17,2.0126e-30,1.4433e-09,1.924e-09,
2447,56.1494,4.3033e-15,1.7764e-15,8.1046e-17,2.4409e-30,1.7764e-09,2.0648e-09,
2448,56.172,4.5005e-15,1.1657e-15,8.0491e-17,1.9587e-30,1.1657e-09,1.9169e-09,
2449,56.1949,4.1015e-15,1.6653e-15,6.7168e-17,1.8662e-30,1.6653e-09,1.7986e-09,
2450,56.2177,3.9829e-15,2.7756e-15,1.7486e-16,9.9983e-30,2.7756e-09,4.2932e-09,
2451,56.2419,7.0145e-15,1.3323e-15,6.1617e-17,1.481e-30,1.3323e-09,1.6048e-09,
2452,56.2638,6.5376e-15,9.4369e-16,5.8842e-17,1.0188e-30,9.4369e-10,1.4114e-09,
2453,56.2859,2.9831e-15,1.2212e-15,6.0507e-17,1.3393e-30,1.2212e-09,1.5615e-09,
2454,56.3081,2.8315e-15,9.992e-16,5.9952e-17,1.102e-30,9.992e-10,1.427e-09,
2455,56.3296,3.0738e-15,2.8866e-15,1.3101e-16,6.4018e-30,2.8866e-09,3.361e-09,
2456,56.3515,5.4407e-15,2.1094e-15,1.3767e-16,6.0274e-30,2.1094e-09,3.3429e-09,
2457,56.3747,7.2022e-15,9.992e-16,5.6621e-17,1.1001e-30,9.992e-10,1.436e-09,
2458,56.3967,4.9648e-15,9.992e-16,3.6637e-17,6.1938e-31,9.992e-10,1.0078e-09,
2459,56.4174,2.8257e-15,2.7756e-15,1.7486e-16,9.7718e-30,2.7756e-09,4.2557e-09,
2460,56.4406,5.4305e-15,3.8858e-16,1.8874e-17,1.7102e-31,3.8858e-10,5.0159e-10,
2461,56.461,4.9235e-15,1.7764e-15,9.992e-17,3.1631e-30,1.7764e-09,2.3639e-09,
2462,56.4833,3.3783e-15,1.1102e-15,8.2157e-17,1.8951e-30,1.1102e-09,1.8756e-09,
2463,56.5054,4.3941e-15,1.3323e-15,7.272e-17,1.7476e-30,1.3323e-09,1.7741e-09,
2464,56.5275,3.7444e-15,9.992e-16,5.218e-17,8.8285e-31,9.992e-10,1.2572e-09,
2465,56.5487,3.4214e-15,2.2204e-15,1.3101e-16,5.7408e-30,2.2204e-09,3.2337e-09,
2466,56.5716,4.8002e-15,6.6613e-16,2.8866e-17,3.2972e-31,6.6613e-10,7.5327e-10,
2467,56.5921,4.4614e-15,2.5535e-15,1.7097e-16,9.7071e-30,2.5535e-09,4.2232e-09,
2468,56.6147,5.3542e-15,9.992e-16,2.9421e-17,5.2424e-31,9.992e-10,9.1953e-10,
2469,56.6354,5.8253e-15,1.0547e-15,6.2172e-17,1.31e-30,1.0547e-09,1.4956e-09,
2470,56.6573,2.5676e-15,3.3307e-16,1.9984e-17,1.248e-31,3.3307e-10,4.7077e-10,
2471,56.6778,2.1112e-15,1.6653e-15,9.4369e-17,2.7287e-30,1.6653e-09,2.1029e-09,
2472,56.6999,3.3852e-15,1.4433e-15,6.5503e-17,1.5072e-30,1.4433e-09,1.5809e-09,
2473,56.7215,4.8097e-15,2.387e-15,1.6487e-16,8.3497e-30,2.387e-09,3.8887e-09,
2474,56.7445,5.8239e-15,5.5511e-16,2.1094e-17,1.899e-31,5.5511e-10,5.7101e-10,
2475,56.7656,4.9735e-15,2.0539e-15,1.2879e-16,4.7301e-30,2.0539e-09,2.7627e-09,
2476,56.7893,3.9601e-15,3.8858e-16,2.5535e-17,1.8181e-31,3.8858e-10,5.6988e-10,
2477,56.8095,3.7454e-15,3.9968e-15,2.5868e-16,1.9042e-29,3.9968e-09,5.8035e-09,
2478,56.8328,8.7441e-15,1.1102e-15,7.5495e-17,1.9429e-30,1.1102e-09,1.8708e-09,
2479,56.8552,8.6385e-15,1.4433e-15,5.5511e-17,1.3824e-30,1.4433e-09,1.5125e-09,
2480,56.8767,3.7796e-15,2.2204e-15,1.5099e-16,7.359e-30,2.2204e-09,3.6922e-09,
2481,56.8998,5.9083e-15,1.1102e-15,4.996e-17,9.8145e-31,1.1102e-09,1.3022e-09,
2482,56.9214,5.4666e-15,1.7764e-15,1.1602e-16,4.3684e-30,1.7764e-09,2.8448e-09,
2483,56.9437,4.4764e-15,2.4425e-15,9.992e-17,4.145e-30,2.4425e-09,2.6456e-09,
2484,56.966,6.0573e-15,1.7208e-15,1.1935e-16,4.6349e-30,1.7208e-09,2.9479e-09,
2485,56.9883,5.9374e-15,2.4425e-15,1.0103e-16,4.3391e-30,2.4425e-09,2.6951e-09,
2486,57.0107,5.9037e-15,1.6653e-15,1.0991e-16,3.7979e-30,1.6653e-09,2.6563e-09,
2487,57.0329,5.8536e-15,1.8874e-15,9.2149e-17,3.1601e-30,1.8874e-09,2.3561e-09,
2488,57.0552,5.1352e-15,1.2212e-15,7.2164e-17,1.6459e-30,1.2212e-09,1.7255e-09,
2489,57.0775,4.404e-15,1.4433e-15,7.6605e-17,2.0064e-30,1.4433e-09,1.8986e-09,
2490,57.0997,3.7907e-15,1.2212e-15,6.3283e-17,1.4344e-30,1.2212e-09,1.5547e-09,
2491,57.1211,3.6957e-15,3.1086e-15,1.6043e-16,9.4667e-30,3.1086e-09,4.0727e-09,
2492,57.1442,6.1061e-15,8.8818e-16,4.4409e-17,6.552e-31,8.8818e-10,1.0852e-09,
2493,57.1657,5.8249e-15,1.8874e-15,1.0436e-16,3.7579e-30,1.8874e-09,2.6259e-09,
2494,57.188,3.9551e-15,1.4433e-15,7.9936e-17,2.1451e-30,1.4433e-09,1.937e-09,
2495,57.2104,4.6798e-15,1.6653e-15,8.7153e-17,2.7106e-30,1.6653e-09,2.1969e-09,
2496,57.2325,4.3911e-15,1.3323e-15,7.4385e-17,1.7799e-30,1.3323e-09,1.8024e-09,
2497,57.2548,4.1956e-15,1.6653e-15,6.9944e-17,2.006e-30,1.6653e-09,1.8736e-09,
2498,57.277,4.1611e-15,1.1657e-15,7.605e-17,1.8354e-30,1.1657e-09,1.8711e-09,
2499,57.2993,3.6415e-15,1.2212e-15,4.885e-17,1.0142e-30,1.2212e-09,1.3155e-09,
2500,57.3229,3.2077e-15,1.9429e-15,1.3434e-16,5.5266e-30,1.9429e-09,3.2273e-09,
2501,57.3489,4.9838e-15,1.2212e-15,4.6074e-17,9.5873e-31,1.2212e-09,1.2308e-09,
2502,57.3708,4.9317e-15,1.8874e-15,1.2212e-16,4.8164e-30,1.8874e-09,2.9938e-09,
2503,57.3952,4.7925e-15,8.8818e-16,4.5519e-17,7.5381e-31,8.8818e-10,1.1589e-09,
2504,57.4182,4.2909e-15,1.5543e-15,7.9936e-17,2.1848e-30,1.5543e-09,1.9749e-09,
2505,57.4414,3.5074e-15,1.7764e-15,8.5487e-17,2.7471e-30,1.7764e-09,2.1852e-09,
2506,57.4642,4.7145e-15,1.5543e-15,7.605e-17,2.1127e-30,1.5543e-09,1.9114e-09,
2507,57.4876,4.7244e-15,1.3323e-15,8.1601e-17,2.2776e-30,1.3323e-09,2.0275e-09,
2508,57.5103,4.1001e-15,1.4433e-15,4.885e-17,1.2187e-30,1.4433e-09,1.4081e-09,
2509,57.5322,3.9931e-15,1.6098e-15,9.5479e-17,2.9906e-30,1.6098e-09,2.3468e-09,
2510,57.5546,3.648e-15,6.6613e-16,1.9984e-17,2.3573e-31,6.6613e-10,6.2897e-10,
2511,57.5749,3.1542e-15,8.3267e-16,3.8858e-17,5.6853e-31,8.3267e-10,7.8684e-10,
2512,57.5957,1.9629e-15,3.0531e-15,1.6431e-16,8.6636e-30,3.0531e-09,3.4967e-09,
2513,57.6194,8.9039e-15,7.2164e-16,3.5527e-17,4.2062e-31,7.2164e-10,9.4496e-10,
2514,57.6411,6.5271e-15,4.4409e-16,1.5543e-17,1.1864e-31,4.4409e-10,3.3792e-10,
2515,57.6614,1.5578e-15,3.2752e-15,2.0817e-16,1.4169e-29,3.2752e-09,4.5594e-09,
2516,57.685,9.0062e-15,1.2212e-15,5.3291e-17,1.1652e-30,1.2212e-09,1.5131e-09,
2517,57.708,7.8921e-15,4.4409e-16,2.609e-17,2.1609e-31,4.4409e-10,6.1625e-10,
2518,57.729,2.3739e-15,1.7208e-15,9.2149e-17,3.0353e-30,1.7208e-09,2.3318e-09,
2519,57.7518,3.566e-15,1.6653e-15,9.3259e-17,2.6901e-30,1.6653e-09,2.1968e-09,
2520,57.7743,4.606e-15,1.1102e-15,7.3275e-17,1.6305e-30,1.1102e-09,1.7415e-09,
2521,57.7971,3.9088e-15,1.2212e-15,6.5503e-17,1.419e-30,1.2212e-09,1.5947e-09,
2522,57.8196,3.2287e-15,9.992e-16,4.885e-17,7.9965e-31,9.992e-10,1.2178e-09,
2523,57.8416,3.1517e-15,2.1094e-15,1.2768e-16,5.5374e-30,2.1094e-09,3.1541e-09,
2524,57.8651,4.6131e-15,7.7716e-16,2.9976e-17,3.9597e-31,7.7716e-10,8.1722e-10,
2525,57.8862,4.4751e-15,2.498e-15,1.5821e-16,8.288e-30,2.498e-09,3.9114e-09,
2526,57.9095,5.0282e-15,7.7716e-16,3.2196e-17,4.2679e-31,7.7716e-10,8.5432e-10,
2527,57.9308,4.9883e-15,2.6645e-15,1.7653e-16,1.0388e-29,2.6645e-09,4.3908e-09,
2528,57.954,5.6408e-15,6.6613e-16,3.3307e-17,4.0213e-31,6.6613e-10,8.2012e-10,
2529,57.976,5.4464e-15,2.9976e-15,1.8652e-16,1.1964e-29,2.9976e-09,4.7022e-09,
2530,57.9997,5.9711e-15,7.2164e-16,4.8295e-17,7.2916e-31,7.2164e-10,1.1423e-09,
2531,58.0216,5.8175e-15,2.1094e-15,9.5479e-17,3.427e-30,2.1094e-09,2.4425e-09,
2532,58.045,4.0173e-15,1.5543e-15,1.0658e-16,3.4359e-30,1.5543e-09,2.5412e-09,
2533,58.0677,5.146e-15,1.6653e-15,8.2157e-17,2.3065e-30,1.6653e-09,2.0449e-09,
2534,58.0903,4.594e-15,1.1657e-15,7.8826e-17,1.8212e-30,1.1657e-09,1.8885e-09,
2535,58.1131,3.9104e-15,1.5543e-15,5.6621e-17,1.4487e-30,1.5543e-09,1.5801e-09,
2536,58.1347,3.894e-15,2.8311e-15,1.8208e-16,1.0092e-29,2.8311e-09,4.4013e-09,
2537,58.1585,6.3472e-15,7.7716e-16,2.5535e-17,3.5745e-31,7.7716e-10,7.526e-10,
2538,58.1795,5.8162e-15,2.72e-15,1.6043e-16,8.5423e-30,2.72e-09,4.0599e-09,
2539,58.203,5.3176e-15,7.7716e-16,4.774e-17,7.3532e-31,7.7716e-10,1.1656e-09,
2540,58.2249,4.8051e-15,1.4433e-15,9.2149e-17,2.538e-30,1.4433e-09,2.1704e-09,
2541,58.2475,3.3984e-15,1.6653e-15,8.2157e-17,2.3604e-30,1.6653e-09,2.0449e-09,
2542,58.2701,4.52e-15,1.1657e-15,8.0491e-17,1.8955e-30,1.1657e-09,1.9169e-09,
2543,58.2929,4.0018e-15,1.5543e-15,8.3267e-17,2.3435e-30,1.5543e-09,2.052e-09,
2544,58.3155,3.8694e-15,1.2212e-15,5.5511e-17,1.0851e-30,1.2212e-09,1.3872e-09,
2545,58.3373,3.9884e-15,2.1649e-15,1.4433e-16,6.6225e-30,2.1649e-09,3.5404e-09,
2546,58.3613,4.9328e-15,6.6613e-16,3.6637e-17,4.395e-31,6.6613e-10,8.969e-10,
2547,58.3835,4.3342e-15,1.6653e-15,8.7708e-17,2.6535e-30,1.6653e-09,2.2059e-09,
2548,58.4059,3.3291e-15,1.2212e-15,6.9944e-17,1.5658e-30,1.2212e-09,1.6946e-09,
2549,58.4287,4.0281e-15,1.5543e-15,7.8271e-17,2.1775e-30,1.5543e-09,1.9426e-09,
2550,58.4513,3.8653e-15,1.4433e-15,7.7161e-17,1.9879e-30,1.4433e-09,1.893e-09,
2551,58.4743,4.1371e-15,1.3323e-15,7.7161e-17,2.0665e-30,1.3323e-09,1.9352e-09,
2552,58.4968,3.8329e-15,1.1102e-15,5.3846e-17,1.045e-30,1.1102e-09,1.3369e-09,
2553,58.5187,3.3043e-15,2.5535e-15,1.3767e-16,6.4422e-30,2.5535e-09,3.4292e-09,
2554,58.5422,5.1398e-15,8.8818e-16,4.2188e-17,6.8717e-31,8.8818e-10,1.0997e-09,
2555,58.5645,4.9484e-15,1.6653e-15,1.0714e-16,4.031e-30,1.6653e-09,2.6857e-09,
2556,58.5877,3.7998e-15,1.5543e-15,6.4393e-17,1.7102e-30,1.5543e-09,1.7088e-09,
2557,58.6097,4.5705e-15,2.8866e-15,1.7764e-16,1.065e-29,2.8866e-09,4.3907e-09,
2558,58.633,6.5499e-15,8.8818e-16,4.1078e-17,6.1168e-31,8.8818e-10,1.0381e-09,
2559,58.6549,5.89e-15,1.6653e-15,1.0658e-16,3.8056e-30,1.6653e-09,2.6462e-09,
2560,58.6779,3.8244e-15,1.3323e-15,5.8842e-17,1.268e-30,1.3323e-09,1.4851e-09,
2561,58.6998,4.3397e-15,2.5535e-15,1.6376e-16,8.647e-30,2.5535e-09,4.0737e-09,
2562,58.7233,5.2744e-15,5.5511e-16,1.7764e-17,1.7564e-31,5.5511e-10,5.3715e-10,
2563,58.7435,4.8464e-15,1.6653e-15,1.1657e-16,3.801e-30,1.6653e-09,2.3256e-09,
2564,58.7661,3.7951e-15,1.0547e-15,4.9405e-17,9.1867e-31,1.0547e-09,9.3089e-10,
2565,58.7874,6.036e-15,4.1078e-15,2.6756e-16,2.1584e-29,4.1078e-09,5.405e-09,
2566,58.8107,1.1896e-14,3.3307e-16,2.609e-17,1.8065e-31,3.3307e-10,5.4045e-10,
2567,58.8317,9.3795e-15,1.7764e-15,1.4211e-16,5.3576e-30,1.7764e-09,3.138e-09,
2568,58.8551,4.6829e-15,4.996e-16,3.1086e-17,2.989e-31,4.996e-10,7.3103e-10,
2569,58.8772,4.1843e-15,1.1102e-15,5.8287e-17,1.1159e-30,1.1102e-09,1.3668e-09,
2570,58.899,2.2953e-15,1.9984e-15,1.1768e-16,4.2971e-30,1.9984e-09,2.7702e-09,
2571,58.9216,4.8158e-15,2.2204e-15,1.1102e-16,4.5005e-30,2.2204e-09,2.7221e-09,
2572,58.9441,6.122e-15,1.7764e-15,9.6034e-17,3.2421e-30,1.7764e-09,2.4131e-09,
2573,58.967,5.6e-15,1.9984e-15,1.0048e-16,3.6704e-30,1.9984e-09,2.5469e-09,
2574,58.9896,5.2401e-15,1.5543e-15,9.7145e-17,2.9817e-30,1.5543e-09,2.3451e-09,
2575,59.0123,5.0367e-15,2.2204e-15,8.8818e-17,3.4301e-30,2.2204e-09,2.376e-09,
2576,59.035,5.2926e-15,1.7208e-15,1.1491e-16,4.1912e-30,1.7208e-09,2.8088e-09,
2577,59.0577,5.435e-15,1.9984e-15,9.4924e-17,3.3084e-30,1.9984e-09,2.4117e-09,
2578,59.0802,5.1586e-15,1.5543e-15,9.8255e-17,2.9201e-30,1.5543e-09,2.3759e-09,
2579,59.1029,5.1074e-15,1.8874e-15,8.9928e-17,3.0892e-30,1.8874e-09,2.3233e-09,
2580,59.1256,4.9125e-15,1.4433e-15,8.1046e-17,2.174e-30,1.4433e-09,1.9853e-09,
2581,59.1481,4.6403e-15,1.6653e-15,8.1046e-17,2.5869e-30,1.6653e-09,2.0819e-09,
2582,59.1714,4.3548e-15,1.5543e-15,8.1046e-17,2.2714e-30,1.5543e-09,2.021e-09,
2583,59.194,4.5134e-15,1.6653e-15,8.3267e-17,2.5253e-30,1.6653e-09,2.1121e-09,
2584,59.2166,4.5358e-15,1.5543e-15,7.9936e-17,2.3096e-30,1.5543e-09,2.0085e-09,
2585,59.2394,4.4732e-15,1.6653e-15,1.0103e-16,3.504e-30,1.6653e-09,2.523e-09,
2586,59.262,4.4818e-15,1.3323e-15,6.3283e-17,1.4652e-30,1.3323e-09,1.5935e-09,
2587,59.2839,4.2387e-15,2.8866e-15,1.6986e-16,9.625e-30,2.8866e-09,4.135e-09,
2588,59.3073,6.1523e-15,6.6613e-16,3.2752e-17,4.1485e-31,6.6613e-10,8.3144e-10,
2589,59.3284,5.5256e-15,3.2196e-15,1.6542e-16,9.818e-30,3.2196e-09,4.1408e-09,
2590,59.3519,5.8441e-15,8.8818e-16,5.3291e-17,9.3369e-31,8.8818e-10,1.3069e-09,
2591,59.374,5.9034e-15,2.3315e-15,1.0547e-16,4.2498e-30,2.3315e-09,2.7379e-09,
2592,59.3962,4.3935e-15,1.7764e-15,1.088e-16,3.9844e-30,1.7764e-09,2.6516e-09,
2593,59.4185,5.7309e-15,2.2204e-15,9.9365e-17,3.7937e-30,2.2204e-09,2.5651e-09,
2594,59.441,5.5687e-15,1.7764e-15,1.0325e-16,3.5884e-30,1.7764e-09,2.5553e-09,
2595,59.4632,5.5134e-15,2.2204e-15,9.2704e-17,3.5857e-30,2.2204e-09,2.4728e-09,
2596,59.4856,5.4974e-15,1.4433e-15,9.881e-17,3.0645e-30,1.4433e-09,2.3904e-09,
2597,59.5077,5.1089e-15,1.9984e-15,8.3822e-17,2.8908e-30,1.9984e-09,2.2253e-09,
2598,59.5301,4.9119e-15,1.4433e-15,1.0103e-16,3.1266e-30,1.4433e-09,2.4248e-09,
2599,59.5523,4.9159e-15,1.8874e-15,8.4377e-17,2.6362e-30,1.8874e-09,2.1633e-09,
2600,59.5764,4.842e-15,1.3323e-15,9.0483e-17,2.4101e-30,1.3323e-09,2.1426e-09,
2601,59.6024,4.6556e-15,1.5543e-15,7.272e-17,1.9017e-30,1.5543e-09,1.8498e-09,
2602,59.6248,4.2429e-15,1.3323e-15,6.9944e-17,1.7599e-30,1.3323e-09,1.7406e-09,
2603,59.6476,4.0692e-15,1.4433e-15,7.1609e-17,1.9078e-30,1.4433e-09,1.8313e-09,
2604,59.6702,3.8007e-15,1.3323e-15,6.7724e-17,1.6178e-30,1.3323e-09,1.7175e-09,
2605,59.6928,3.936e-15,1.4433e-15,7.0499e-17,1.7722e-30,1.4433e-09,1.7701e-09,
2606,59.7153,3.8773e-15,1.1102e-15,6.5503e-17,1.4622e-30,1.1102e-09,1.6313e-09,
2607,59.7378,3.5605e-15,1.2212e-15,7.9936e-17,2.1478e-30,1.2212e-09,1.9807e-09,
2608,59.7608,3.2745e-15,1.1102e-15,3.7748e-17,7.2916e-31,1.1102e-09,1.0944e-09,
2609,59.7819,3.3836e-15,1.3878e-15,1.1768e-16,3.6982e-30,1.3878e-09,2.3369e-09,
2610,59.8041,4.2378e-15,1.2212e-15,4.774e-17,1.0123e-30,1.2212e-09,1.1211e-09,
2611,59.8249,5.8254e-15,2.498e-15,1.3045e-16,5.6102e-30,2.498e-09,2.6722e-09,
2612,59.8475,7.2721e-15,1.3878e-15,5.9952e-17,1.2911e-30,1.3878e-09,1.1132e-09,
2613,59.8689,8.2523e-15,2.3315e-15,1.6653e-16,7.8104e-30,2.3315e-09,3.4245e-09,
2614,59.8921,8.0846e-15,1.1102e-16,6.6613e-18,1.7333e-32,1.1102e-10,1.5265e-10,
2615,59.9111,5.6474e-15,2.4425e-15,1.632e-16,7.6117e-30,2.4425e-09,3.5497e-09,
2616,59.934,5.5917e-15,5.5511e-16,2.387e-17,2.1301e-31,5.5511e-10,5.4426e-10,
2617,59.9542,5.2563e-15,3.7748e-15,2.7367e-16,2.0804e-29,3.7748e-09,6.0337e-09,
2618,59.9772,9.2012e-15,1.6653e-15,7.494e-17,2.0542e-30,1.6653e-09,1.9104e-09,
2619,59.9996,9.214e-15,1.3323e-15,8.8818e-17,2.4868e-30,1.3323e-09,2.1507e-09,
2620,60.0218,4.2571e-15,1.7764e-15,8.1046e-17,2.4791e-30,1.7764e-09,2.0783e-09,
2621,60.0443,4.4123e-15,1.4433e-15,8.4377e-17,2.2649e-30,1.4433e-09,2.0336e-09,
2622,60.0666,4.5656e-15,1.7764e-15,9.9365e-17,3.4948e-30,1.7764e-09,2.505e-09,
2623,60.089,4.5623e-15,1.6653e-15,6.8834e-17,1.9078e-30,1.6653e-09,1.8312e-09,
2624,60.1106,4.8106e-15,2.8866e-15,1.7875e-16,1.0651e-29,2.8866e-09,4.3785e-09,
2625,60.1335,6.636e-15,6.6613e-16,3.4417e-17,3.7132e-31,6.6613e-10,8.1254e-10,
2626,60.1545,5.6315e-15,2.7756e-15,1.8041e-16,1.0188e-29,2.7756e-09,4.3052e-09,
2627,60.1774,5.6457e-15,8.8818e-16,4.4409e-17,7.1336e-31,8.8818e-10,1.1018e-09,
2628,60.1989,5.7526e-15,1.9984e-15,1.1269e-16,4.3715e-30,1.9984e-09,2.8273e-09,
2629,60.2214,4.1178e-15,1.2212e-15,7.272e-17,1.6043e-30,1.2212e-09,1.7424e-09,
2630,60.2435,4.5239e-15,1.4433e-15,6.9944e-17,1.7996e-30,1.4433e-09,1.7559e-09,
2631,60.2658,3.7183e-15,1.1102e-15,7.4385e-17,1.6239e-30,1.1102e-09,1.773e-09,
2632,60.288,3.4423e-15,1.5543e-15,6.9389e-17,1.7738e-30,1.5543e-09,1.7777e-09,
2633,60.3103,3.579e-15,1.2768e-15,7.7716e-17,1.8581e-30,1.2768e-09,1.8829e-09,
2634,60.3331,3.5504e-15,1.4433e-15,4.3299e-17,1.1294e-30,1.4433e-09,1.343e-09,
2635,60.3548,3.7543e-15,2.4425e-15,1.3545e-16,5.7042e-30,2.4425e-09,2.6506e-09,
2636,60.3777,5.5562e-15,1.4433e-15,1.0769e-16,3.214e-30,1.4433e-09,2.0933e-09,
2637,60.4004,8.7904e-15,1.2212e-15,5.6621e-17,1.1448e-30,1.2212e-09,1.2329e-09,
2638,60.4224,5.7053e-15,1.6653e-15,1.1657e-16,3.8858e-30,1.6653e-09,2.4243e-09,
2639,60.4454,5.5774e-15,9.992e-16,6.2172e-17,1.0138e-30,9.992e-10,1.2718e-09,
2640,60.4672,5.118e-15,2.4425e-15,1.4211e-16,6.0644e-30,2.4425e-09,3.096e-09,
2641,60.4908,5.8795e-15,5.5511e-16,3.6637e-17,4.0059e-31,5.5511e-10,8.2967e-10,
2642,60.5116,4.6448e-15,3.4417e-15,1.7486e-16,1.0054e-29,3.4417e-09,4.2242e-09,
2643,60.535,6.1684e-15,6.6613e-16,4.6629e-17,6.968e-31,6.6613e-10,1.1328e-09,
2644,60.5568,6.121e-15,2.2204e-15,9.6589e-17,3.7644e-30,2.2204e-09,2.5448e-09,
2645,60.5802,4.0009e-15,1.5543e-15,1.0658e-16,3.6038e-30,1.5543e-09,2.5603e-09,
2646,60.6026,5.3009e-15,1.9984e-15,8.6042e-17,2.8569e-30,1.9984e-09,2.2235e-09,
2647,60.6257,5.1606e-15,1.4988e-15,1.0103e-16,3.0337e-30,1.4988e-09,2.3991e-09,
2648,60.6481,4.7971e-15,1.6653e-15,8.5487e-17,2.5811e-30,1.6653e-09,2.1406e-09,
2649,60.6707,4.3525e-15,1.3323e-15,9.1038e-17,2.4698e-30,1.3323e-09,2.1712e-09,
2650,60.6931,4.3138e-15,1.7764e-15,7.5495e-17,2.3111e-30,1.7764e-09,1.9921e-09,
2651,60.7155,4.4532e-15,1.3323e-15,7.3275e-17,1.8597e-30,1.3323e-09,1.8083e-09,
2652,60.7382,4.3645e-15,1.7764e-15,8.2157e-17,2.5777e-30,1.7764e-09,2.139e-09,
2653,60.761,4.3053e-15,1.3323e-15,7.5495e-17,1.8766e-30,1.3323e-09,1.8448e-09,
2654,60.7835,4.3564e-15,1.4433e-15,7.8826e-17,2.214e-30,1.4433e-09,1.984e-09,
2655,60.8061,3.9547e-15,1.3323e-15,6.2172e-17,1.3728e-30,1.3323e-09,1.5721e-09,
2656,60.8277,3.923e-15,2.7756e-15,1.5987e-16,8.9228e-30,2.7756e-09,4.0002e-09,
2657,60.8515,5.9925e-15,5.5511e-16,3.7748e-17,4.7917e-31,5.5511e-10,9.1021e-10,
2658,60.8731,5.0748e-15,1.8874e-15,6.5503e-17,2.1956e-30,1.8874e-09,1.8995e-09,
2659,60.8951,3.4828e-15,3.2196e-15,1.9429e-16,1.2554e-29,3.2196e-09,4.8245e-09,
2660,60.9192,7.3509e-15,1.3323e-15,5.0515e-17,1.122e-30,1.3323e-09,1.3785e-09,
2661,60.9416,6.7271e-15,2.2204e-15,1.4322e-16,6.9241e-30,2.2204e-09,3.5761e-09,
2662,60.965,5.4664e-15,8.8818e-16,3.6637e-17,5.304e-31,8.8818e-10,9.6094e-10,
2663,60.9867,5.0758e-15,1.3878e-15,9.2704e-17,2.8015e-30,1.3878e-09,2.2864e-09,
2664,61.0091,3.6314e-15,1.8874e-15,7.4385e-17,2.3377e-30,1.8874e-09,1.9983e-09,
2665,61.0319,4.6852e-15,1.4433e-15,9.1038e-17,2.6304e-30,1.4433e-09,2.2377e-09,
2666,61.0543,4.496e-15,1.7764e-15,7.1054e-17,2.2202e-30,1.7764e-09,1.9193e-09,
2667,61.0771,4.3468e-15,1.2768e-15,7.8826e-17,1.9737e-30,1.2768e-09,1.9327e-09,
2668,61.0996,4.0013e-15,1.4433e-15,5.7732e-17,1.4406e-30,1.4433e-09,1.5467e-09,
2669,61.1213,3.6026e-15,2.276e-15,1.4988e-16,7.188e-30,2.276e-09,3.6761e-09,
2670,61.1447,5.6813e-15,1.2212e-15,5.4401e-17,1.1513e-30,1.2212e-09,1.3959e-09,
2671,61.1669,5.4362e-15,2.3315e-15,1.2268e-16,5.3483e-30,2.3315e-09,3.0919e-09,
2672,61.1896,5.3354e-15,2.5535e-15,1.36e-16,6.567e-30,2.5535e-09,3.4116e-09,
2673,61.2128,6.7631e-15,6.6613e-16,3.8303e-17,4.5645e-31,6.6613e-10,9.1276e-10,
2674,61.2339,4.7266e-15,3.4417e-15,1.8097e-16,1.1563e-29,3.4417e-09,4.5481e-09,
2675,61.2573,6.1889e-15,8.8818e-16,5.8842e-17,1.1247e-30,8.8818e-10,1.4159e-09,
2676,61.2792,6.3045e-15,2.6645e-15,1.199e-16,5.9873e-30,2.6645e-09,3.1355e-09,
2677,61.3021,5.1324e-15,1.9984e-15,1.0547e-16,3.8303e-30,1.9984e-09,2.593e-09,
2678,61.3245,6.6563e-15,2.2204e-15,1.1768e-16,4.9889e-30,2.2204e-09,2.9792e-09,
2679,61.3475,5.7942e-15,1.6653e-15,8.9928e-17,2.7645e-30,1.6653e-09,2.2265e-09,
2680,61.3703,5.3488e-15,1.7764e-15,9.9365e-17,3.5456e-30,1.7764e-09,2.5249e-09,
2681,61.393,4.7939e-15,1.5543e-15,7.3275e-17,1.9695e-30,1.5543e-09,1.8529e-09,
2682,61.4153,4.6359e-15,3.4417e-15,1.8763e-16,1.2477e-29,3.4417e-09,4.6718e-09,
2683,61.4389,7.1231e-15,8.8818e-16,4.774e-17,7.9194e-31,8.8818e-10,1.1688e-09,
2684,61.4617,6.4058e-15,2.5535e-15,1.2323e-16,5.7516e-30,2.5535e-09,3.1737e-09,
2685,61.4853,4.8343e-15,6.1062e-16,3.9968e-17,5.1615e-31,6.1062e-10,9.6096e-10,
2686,61.5085,4.2092e-15,1.4433e-15,5.3291e-17,1.3543e-30,1.4433e-09,1.4877e-09,
2687,61.5307,2.6355e-15,2.2204e-15,1.4766e-16,6.9256e-30,2.2204e-09,3.6188e-09,
2688,61.5547,5.5987e-15,1.1102e-15,4.996e-17,9.4794e-31,1.1102e-09,1.274e-09,
2689,61.5766,5.1608e-15,1.9984e-15,1.0769e-16,4.2232e-30,1.9984e-09,2.679e-09,
2690,61.5999,4.7661e-15,2.3315e-15,1.1768e-16,5.0429e-30,2.3315e-09,3.0067e-09,
2691,61.6226,6.115e-15,1.9984e-15,1.0214e-16,3.6207e-30,1.9984e-09,2.5412e-09,
2692,61.6456,5.9261e-15,2.2204e-15,1.0103e-16,3.989e-30,2.2204e-09,2.6283e-09,
2693,61.6682,5.7213e-15,1.6653e-15,1.1213e-16,3.9921e-30,1.6653e-09,2.7258e-09,
2694,61.6912,5.3843e-15,2.2204e-15,9.6034e-17,3.7752e-30,2.2204e-09,2.5466e-09,
2695,61.714,5.5506e-15,1.5543e-15,1.0436e-16,3.4116e-30,1.5543e-09,2.5128e-09,
2696,61.7372,5.2793e-15,2.2204e-15,8.5487e-17,3.2448e-30,2.2204e-09,2.3547e-09,
2697,61.76,5.356e-15,1.6098e-15,1.0325e-16,3.3931e-30,1.6098e-09,2.5396e-09,
2698,61.7829,5.1526e-15,2.1094e-15,8.6597e-17,3.0618e-30,2.1094e-09,2.3069e-09,
2699,61.8059,4.9505e-15,1.5543e-15,9.6589e-17,3.0229e-30,1.5543e-09,2.3283e-09,
2700,61.83,5.1287e-15,2.1094e-15,9.1038e-17,3.4174e-30,2.1094e-09,2.383e-09,
2701,61.8561,5.051e-15,1.8874e-15,1.0714e-16,3.8599e-30,1.8874e-09,2.6479e-09,
2702,61.88,5.5271e-15,2.2204e-15,1.088e-16,4.4547e-30,2.2204e-09,2.7917e-09,
2703,61.9033,5.5732e-15,1.8874e-15,9.4924e-17,3.1435e-30,1.8874e-09,2.3883e-09,
2704,61.9271,5.5232e-15,1.8874e-15,1.1435e-16,4.4728e-30,1.8874e-09,2.845e-09,
2705,61.9503,5.1389e-15,1.3323e-15,7.2164e-17,1.7796e-30,1.3323e-09,1.7898e-09,
2706,61.974,4.4855e-15,1.5543e-15,7.1054e-17,1.9598e-30,1.5543e-09,1.8408e-09,
2707,61.997,4.1202e-15,1.2212e-15,6.0507e-17,1.3008e-30,1.2212e-09,1.5186e-09,
2708,62.0197,3.9485e-15,2.8866e-15,1.5987e-16,9.0426e-30,2.8866e-09,4.056e-09,
2709,62.0435,5.9757e-15,7.7716e-16,3.7748e-17,5.3772e-31,7.7716e-10,9.5005e-10,
2710,62.0662,5.503e-15,1.8874e-15,9.3259e-17,3.1293e-30,1.8874e-09,2.2921e-09,
2711,62.0901,3.6966e-15,1.5543e-15,8.9373e-17,2.7922e-30,1.5543e-09,2.2304e-09,
2712,62.1141,4.6655e-15,2.1094e-15,8.9928e-17,3.3373e-30,2.1094e-09,2.3901e-09,
2713,62.1371,4.9903e-15,1.5543e-15,9.5479e-17,2.9798e-30,1.5543e-09,2.34e-09,
2714,62.1605,5.071e-15,1.7764e-15,7.6605e-17,2.3743e-30,1.7764e-09,2.0173e-09,
2715,62.1832,4.6856e-15,1.3323e-15,8.3267e-17,2.2653e-30,1.3323e-09,2.037e-09,
2716,62.2063,4.3322e-15,1.7764e-15,8.1046e-17,2.5284e-30,1.7764e-09,2.0967e-09,
2717,62.2291,4.3515e-15,9.992e-16,7.2164e-17,1.5796e-30,9.992e-10,1.7141e-09,
2718,62.2525,3.952e-15,1.3323e-15,6.4393e-17,1.4637e-30,1.3323e-09,1.6068e-09,
2719,62.2754,3.3918e-15,9.992e-16,5.7732e-17,1.1016e-30,9.992e-10,1.3956e-09,
2720,62.2981,3.3317e-15,2.8866e-15,1.3933e-16,7.245e-30,2.8866e-09,3.5626e-09,
2721,62.3219,5.4696e-15,8.8818e-16,5.2736e-17,8.555e-31,8.8818e-10,1.2797e-09,
2722,62.3443,5.3094e-15,2.3315e-15,1.1102e-16,4.6222e-30,2.3315e-09,2.8441e-09,
2723,62.3678,4.5004e-15,1.7764e-15,1.0714e-16,3.5826e-30,1.7764e-09,2.6175e-09,
2724,62.3916,5.7285e-15,2.3315e-15,1.1102e-16,4.6057e-30,2.3315e-09,2.8429e-09,
2725,62.4144,5.7499e-15,1.8874e-15,1.1324e-16,4.2309e-30,1.8874e-09,2.7831e-09,
2726,62.4379,5.808e-15,2.3315e-15,1.0991e-16,4.6072e-30,2.3315e-09,2.838e-09,
2727,62.4608,5.7717e-15,1.8874e-15,1.138e-16,4.2775e-30,1.8874e-09,2.8001e-09,
2728,62.4836,5.7797e-15,2.3315e-15,9.992e-17,4.0864e-30,2.3315e-09,2.6346e-09,
2729,62.5065,5.8213e-15,1.5543e-15,9.9365e-17,3.0341e-30,1.5543e-09,2.3663e-09,
2730,62.5293,5.4667e-15,2.2204e-15,9.1038e-17,3.4158e-30,2.2204e-09,2.4335e-09,
2731,62.552,5.3654e-15,1.6098e-15,1.1047e-16,3.8569e-30,1.6098e-09,2.6664e-09,
2732,62.5752,5.2412e-15,2.1094e-15,8.0491e-17,2.9124e-30,2.1094e-09,2.2157e-09,
2733,62.5981,5.225e-15,1.5543e-15,9.881e-17,3.0603e-30,1.5543e-09,2.4089e-09,
2734,62.6208,5.1316e-15,1.8874e-15,8.7153e-17,2.8585e-30,1.8874e-09,2.2561e-09,
2735,62.6432,4.8346e-15,1.3323e-15,8.1601e-17,2.2006e-30,1.3323e-09,2.0093e-09,
2736,62.666,4.5582e-15,1.5543e-15,7.6605e-17,2.2006e-30,1.5543e-09,1.9561e-09,
2737,62.6891,4.1362e-15,1.2212e-15,6.2172e-17,1.2927e-30,1.2212e-09,1.5354e-09,
2738,62.7124,3.9434e-15,2.8866e-15,1.5099e-16,8.2152e-30,2.8866e-09,3.8229e-09,
2739,62.7358,5.8685e-15,8.8818e-16,5.1625e-17,8.8939e-31,8.8818e-10,1.2736e-09,
2740,62.7578,5.4092e-15,2.6645e-15,1.1102e-16,5.0941e-30,2.6645e-09,2.9461e-09,
2741,62.7809,4.8402e-15,1.7208e-15,1.1435e-16,4.1384e-30,1.7208e-09,2.7617e-09,
2742,62.8044,5.9995e-15,1.9984e-15,9.2149e-17,3.2864e-30,1.9984e-09,2.3937e-09,
2743,62.8273,5.2079e-15,1.5543e-15,9.2704e-17,2.8153e-30,1.5543e-09,2.2697e-09,
2744,62.8503,4.9179e-15,1.7764e-15,8.6597e-17,2.8257e-30,1.7764e-09,2.2266e-09,
2745,62.8731,4.6159e-15,1.3323e-15,8.1046e-17,2.0665e-30,1.3323e-09,1.9838e-09,
2746,62.896,4.3831e-15,1.8874e-15,8.7708e-17,2.9135e-30,1.8874e-09,2.2534e-09,
2747,62.919,4.6001e-15,1.5543e-15,8.4932e-17,2.3546e-30,1.5543e-09,2.0844e-09,
2748,62.9419,4.8008e-15,1.7764e-15,9.3259e-17,3.2695e-30,1.7764e-09,2.3586e-09,
2749,62.9646,4.5912e-15,1.2212e-15,7.1054e-17,1.5904e-30,1.2212e-09,1.6839e-09,
2750,62.9876,4.2134e-15,1.1102e-15,7.494e-17,1.7568e-30,1.1102e-09,1.8335e-09,
2751,63.0103,3.4015e-15,8.8818e-16,3.8303e-17,5.8279e-31,8.8818e-10,9.6893e-10,
2752,63.0317,2.897e-15,3.0531e-15,2.0761e-16,1.3905e-29,3.0531e-09,5.0911e-09,
2753,63.0554,6.3723e-15,1.1102e-15,3.7748e-17,6.0089e-31,1.1102e-09,1.0944e-09,
2754,63.0766,6.6514e-15,1.4433e-15,1.1824e-16,3.7274e-30,1.4433e-09,2.2991e-09,
2755,63.0998,4.1981e-15,1.2212e-15,6.8834e-17,1.4872e-30,1.2212e-09,1.4742e-09,
2756,63.1219,5.6601e-15,2.7756e-15,1.6709e-16,8.2973e-30,2.7756e-09,3.5944e-09,
2757,63.1455,6.7389e-15,6.6613e-16,4.4409e-17,5.824e-31,6.6613e-10,1.0387e-09,
2758,63.1676,5.4026e-15,1.9984e-15,8.1046e-17,2.667e-30,1.9984e-09,2.1379e-09,
2759,63.1903,3.8422e-15,1.4988e-15,9.77e-17,2.912e-30,1.4988e-09,2.3577e-09,
2760,63.2132,4.6031e-15,1.6653e-15,7.1054e-17,2.0311e-30,1.6653e-09,1.8692e-09,
2761,63.2358,4.1742e-15,1.1657e-15,7.5495e-17,1.6979e-30,1.1657e-09,1.7963e-09,
2762,63.2588,3.7739e-15,1.4433e-15,4.5519e-17,1.1756e-30,1.4433e-09,1.3911e-09,
2763,63.2814,3.5875e-15,2.498e-15,1.4655e-16,6.7716e-30,2.498e-09,3.6513e-09,
2764,63.3056,5.1778e-15,9.992e-16,3.2752e-17,5.7816e-31,9.992e-10,9.6509e-10,
2765,63.3268,4.8494e-15,3.4972e-15,2.1039e-16,1.512e-29,3.4972e-09,5.3315e-09,
2766,63.3506,7.2591e-15,1.1102e-15,4.996e-17,9.7722e-31,1.1102e-09,1.3002e-09,
2767,63.3727,6.9977e-15,1.7764e-15,1.1324e-16,3.994e-30,1.7764e-09,2.7347e-09,
2768,63.3957,4.4633e-15,2.1094e-15,1.0825e-16,4.1203e-30,2.1094e-09,2.7302e-09,
2769,63.4185,5.5209e-15,1.7764e-15,8.3267e-17,2.4636e-30,1.7764e-09,2.081e-09,
2770,63.4412,5.3585e-15,1.5543e-15,9.3259e-17,3.0045e-30,1.5543e-09,2.3344e-09,
2771,63.4642,4.512e-15,1.5543e-15,6.2172e-17,1.5931e-30,1.5543e-09,1.6513e-09,
2772,63.4862,4.3253e-15,2.6645e-15,1.6598e-16,9.3096e-30,2.6645e-09,4.2182e-09,
2773,63.5098,5.7812e-15,3.3307e-16,2.387e-17,1.6062e-31,3.3307e-10,5.4478e-10,
2774,63.531,4.7544e-15,2.4425e-15,9.6589e-17,4.0445e-30,2.4425e-09,2.5952e-09,
2775,63.5541,3.955e-15,1.8319e-15,1.2268e-16,4.7089e-30,1.8319e-09,2.9765e-09,
2776,63.577,5.9621e-15,2.3315e-15,1.0214e-16,3.9786e-30,2.3315e-09,2.6624e-09,
2777,63.5997,5.7376e-15,1.6653e-15,1.0214e-16,3.3176e-30,1.6653e-09,2.4995e-09,
2778,63.6227,5.5687e-15,2.3315e-15,9.77e-17,3.972e-30,2.3315e-09,2.6034e-09,
2779,63.6456,5.5777e-15,1.6098e-15,1.0492e-16,3.4594e-30,1.6098e-09,2.581e-09,
2780,63.6683,5.4175e-15,2.3315e-15,9.4924e-17,3.8985e-30,2.3315e-09,2.5526e-09,
2781,63.6912,5.3999e-15,1.6653e-15,1.0936e-16,3.8569e-30,1.6653e-09,2.6733e-09,
2782,63.7146,5.6583e-15,2.1094e-15,9.4369e-17,3.4023e-30,2.1094e-09,2.4702e-09,
2783,63.7374,5.447e-15,1.4433e-15,8.8818e-17,2.4544e-30,1.4433e-09,2.1545e-09,
2784,63.7604,5.1393e-15,1.5543e-15,7.5495e-17,2.0538e-30,1.5543e-09,1.9237e-09,
2785,63.7839,4.2139e-15,1.4433e-15,6.7724e-17,1.6871e-30,1.4433e-09,1.7209e-09,
2786,63.8059,4.1119e-15,3.1086e-15,1.7542e-16,1.0534e-29,3.1086e-09,4.3677e-09,
2787,63.8295,6.5197e-15,9.992e-16,4.0523e-17,6.552e-31,9.992e-10,1.0613e-09,
2788,63.8521,6.1571e-15,1.6098e-15,1.0769e-16,3.7552e-30,1.6098e-09,2.6583e-09,
2789,63.8755,3.7189e-15,1.3323e-15,5.7732e-17,1.2345e-30,1.3323e-09,1.4687e-09,
2790,63.8982,4.0829e-15,2.2204e-15,1.3878e-16,6.1372e-30,2.2204e-09,3.3596e-09,
2791,63.9223,4.9205e-15,3.3307e-16,1.4433e-17,7.0874e-32,3.3307e-10,3.5777e-10,
2792,63.9429,4.1077e-15,2.4425e-15,1.5765e-16,7.6082e-30,2.4425e-09,3.6105e-09,
2793,63.9667,4.9348e-15,7.7716e-16,3.7748e-17,4.6569e-31,7.7716e-10,9.1269e-10,
2794,63.988,5.1431e-15,3.2196e-15,2.0761e-16,1.3816e-29,3.2196e-09,5.0451e-09,
2795,64.0124,6.5486e-15,9.992e-16,4.4409e-17,7.7345e-31,9.992e-10,1.1583e-09,
2796,64.0348,6.6063e-15,1.8874e-15,1.0769e-16,4.1076e-30,1.8874e-09,2.6879e-09,
2797,64.0581,4.1368e-15,1.9984e-15,8.3822e-17,2.8723e-30,1.9984e-09,2.2195e-09,
2798,64.0816,5.4157e-15,1.6653e-15,1.0658e-16,3.9104e-30,1.6653e-09,2.7023e-09,
2799,64.1059,4.821e-15,4.4409e-16,2.1094e-17,1.6948e-31,4.4409e-10,5.2415e-10,
2800,64.1289,3.2891e-15,2.2204e-15,1.1713e-16,4.7767e-30,2.2204e-09,2.9692e-09,
2801,64.1548,3.9974e-15,1.6653e-15,9.1038e-17,2.8646e-30,1.6653e-09,2.2409e-09,
2802,64.178,5.3437e-15,2.1094e-15,1.1657e-16,4.8152e-30,2.1094e-09,2.9096e-09,
2803,64.2026,5.2831e-15,5.5511e-16,2.8311e-17,2.5769e-31,5.5511e-10,6.7505e-10,
2804,64.2247,4.0412e-15,2.3315e-15,1.4655e-16,6.6837e-30,2.3315e-09,3.5031e-09,
2805,64.2486,4.7038e-15,6.6613e-16,4.1078e-17,5.2693e-31,6.6613e-10,1.0065e-09,
2806,64.2718,4.535e-15,1.9984e-15,7.5495e-17,2.7857e-30,1.9984e-09,2.0594e-09,
2807,64.2957,3.7907e-15,1.4988e-15,9.4369e-17,2.8766e-30,1.4988e-09,2.3323e-09,
2808,64.3189,4.8377e-15,1.6653e-15,7.1054e-17,2.0419e-30,1.6653e-09,1.8693e-09,
2809,64.3425,4.269e-15,1.1657e-15,7.8826e-17,2.0141e-30,1.1657e-09,1.9036e-09,
2810,64.366,3.9918e-15,1.3323e-15,6.2728e-17,1.5273e-30,1.3323e-09,1.6145e-09,
2811,64.3889,3.5506e-15,9.992e-16,5.4401e-17,9.7876e-31,9.992e-10,1.3218e-09,
2812,64.4115,3.2666e-15,2.5535e-15,1.3045e-16,6.0386e-30,2.5535e-09,3.2759e-09,
2813,64.4357,4.9743e-15,5.5511e-16,2.72e-17,2.6693e-31,5.5511e-10,6.8448e-10,
2814,64.4581,4.5875e-15,2.8866e-15,1.41e-16,7.4171e-30,2.8866e-09,3.5679e-09,
2815,64.4826,5.0535e-15,7.7716e-16,5.218e-17,8.4587e-31,7.7716e-10,1.2546e-09,
2816,64.5052,5.2051e-15,2.4425e-15,1.0381e-16,4.3206e-30,2.4425e-09,2.7216e-09,
2817,64.5281,4.4851e-15,1.7764e-15,1.2101e-16,4.593e-30,1.7764e-09,2.9264e-09,
2818,64.552,6.0608e-15,2.5535e-15,1.0547e-16,4.6392e-30,2.5535e-09,2.8139e-09,
2819,64.5755,6.1784e-15,1.7208e-15,1.1768e-16,4.3911e-30,1.7208e-09,2.8673e-09,
2820,64.5985,6.0021e-15,2.2204e-15,9.992e-17,3.7825e-30,2.2204e-09,2.586e-09,
2821,64.6217,5.6393e-15,1.6653e-15,1.0825e-16,3.6643e-30,1.6653e-09,2.6367e-09,
2822,64.6456,5.4593e-15,2.2204e-15,1.0547e-16,4.2205e-30,2.2204e-09,2.7111e-09,
2823,64.6683,5.397e-15,1.7764e-15,1.0436e-16,3.5345e-30,1.7764e-09,2.5403e-09,
2824,64.6921,5.6086e-15,2.1094e-15,9.4369e-17,3.5271e-30,2.1094e-09,2.4698e-09,
2825,64.7155,5.5481e-15,1.6653e-15,9.992e-17,3.2017e-30,1.6653e-09,2.4208e-09,
2826,64.7388,5.3046e-15,2.1094e-15,9.881e-17,3.8076e-30,2.1094e-09,2.5542e-09,
2827,64.7618,5.2903e-15,1.6653e-15,9.4369e-17,2.8723e-30,1.6653e-09,2.2946e-09,
2828,64.7856,5.3211e-15,2.1094e-15,1.0048e-16,3.8076e-30,2.1094e-09,2.5711e-09,
2829,64.8084,5.2356e-15,1.5543e-15,9.1593e-17,2.521e-30,1.5543e-09,2.2155e-09,
2830,64.8323,5.0506e-15,1.8874e-15,8.7708e-17,2.9093e-30,1.8874e-09,2.2534e-09,
2831,64.8554,4.7533e-15,1.4433e-15,8.6597e-17,2.3839e-30,1.4433e-09,2.0848e-09,
2832,64.8786,4.6506e-15,1.6653e-15,1.0103e-16,3.4563e-30,1.6653e-09,2.515e-09,
2833,64.9018,4.32e-15,1.7764e-15,7.494e-17,2.1805e-30,1.7764e-09,1.9421e-09,
2834,64.9249,4.7486e-15,3.3307e-15,2.1039e-16,1.4869e-29,3.3307e-09,5.249e-09,
2835,64.9483,7.5476e-15,7.7716e-16,4.774e-17,6.475e-31,7.7716e-10,1.1026e-09,
2836,64.9715,6.5467e-15,1.9984e-15,1.0658e-16,3.7841e-30,1.9984e-09,2.606e-09,
2837,64.9949,4.0537e-15,1.7764e-15,1.0936e-16,3.615e-30,1.7764e-09,2.604e-09,
2838,65.0181,5.3445e-15,2.3315e-15,1.1546e-16,4.6453e-30,2.3315e-09,2.8917e-09,
2839,65.0416,5.7098e-15,1.8874e-15,1.1158e-16,4.0002e-30,1.8874e-09,2.7044e-09,
2840,65.0662,5.8751e-15,2.4425e-15,1.1546e-16,5.0248e-30,2.4425e-09,2.9678e-09,
2841,65.0888,5.9537e-15,1.8874e-15,9.6589e-17,3.2186e-30,1.8874e-09,2.3953e-09,
2842,65.1127,5.938e-15,1.7764e-15,1.1324e-16,4.3037e-30,1.7764e-09,2.8397e-09,
2843,65.1373,5.0982e-15,4.4409e-16,2.1094e-17,1.6062e-31,4.4409e-10,4.8831e-10,
2844,65.1581,3.6569e-15,3.3307e-15,2.2538e-16,1.4992e-29,3.3307e-09,5.0318e-09,
2845,65.1824,6.9125e-15,7.7716e-16,5.5511e-17,9.2907e-31,7.7716e-10,1.2815e-09,
2846,65.2052,6.6197e-15,2.4425e-15,1.0547e-16,4.2463e-30,2.4425e-09,2.6944e-09,
2847,65.2279,4.5805e-15,1.7764e-15,1.199e-16,4.2498e-30,1.7764e-09,2.8306e-09,
2848,65.2526,5.7862e-15,5.5511e-16,3.2196e-17,3.1739e-31,5.5511e-10,7.8679e-10,
2849,65.2751,3.8271e-15,1.2212e-15,4.4409e-17,9.2136e-31,1.2212e-09,1.2264e-09,
2850,65.2974,2.566e-15,1.5543e-15,7.6605e-17,1.8982e-30,1.5543e-09,1.9437e-09,
2851,65.3209,2.8089e-15,4.996e-16,2.3315e-17,2.003e-31,4.996e-10,5.8587e-10,
2852,65.342,2.5061e-15,3.7748e-15,2.1982e-16,1.4529e-29,3.7748e-09,5.1164e-09,
2853,65.3655,7.1472e-15,1.1102e-15,6.8834e-17,1.5839e-30,1.1102e-09,1.7077e-09,
2854,65.3892,7.3224e-15,1.2212e-15,5.7732e-17,1.2665e-30,1.2212e-09,1.4857e-09,
2855,65.4119,3.1978e-15,1.8874e-15,1.1269e-16,4.1388e-30,1.8874e-09,2.7821e-09,
2856,65.4352,4.7236e-15,2.3315e-15,1.1657e-16,5.0217e-30,2.3315e-09,2.9787e-09,
2857,65.4581,6.0054e-15,1.8874e-15,9.1593e-17,3.0511e-30,1.8874e-09,2.3032e-09,
2858,65.4824,5.8437e-15,1.9984e-15,1.0603e-16,3.8507e-30,1.9984e-09,2.6274e-09,
2859,65.5051,5.3517e-15,1.8874e-15,8.7153e-17,2.8431e-30,1.8874e-09,2.2108e-09,
2860,65.5288,5.3844e-15,1.6653e-15,9.6589e-17,3.214e-30,1.6653e-09,2.4367e-09,
2861,65.5523,4.9856e-15,1.4433e-15,5.4401e-17,1.2819e-30,1.4433e-09,1.4842e-09,
2862,65.5746,4.4554e-15,2.1094e-15,1.41e-16,6.5374e-30,2.1094e-09,3.4513e-09,
2863,65.5986,5.3633e-15,3.3307e-16,1.5543e-17,7.8578e-32,3.3307e-10,3.7329e-10,
2864,65.6203,4.4147e-15,2.2204e-15,1.521e-16,6.1788e-30,2.2204e-09,3.4082e-09,
2865,65.6442,4.605e-15,6.1062e-16,1.8319e-17,2.1301e-31,6.1062e-10,6.321e-10,
2866,65.6675,3.9536e-15,6.1062e-16,2.5535e-17,2.4344e-31,6.1062e-10,6.6895e-10,
2867,65.6906,1.5619e-15,6.6613e-16,3.4972e-17,5.0883e-31,6.6613e-10,8.9739e-10,
2868,65.7129,1.7527e-15,7.7716e-16,5.107e-17,8.6474e-31,7.7716e-10,1.1667e-09,
2869,65.7352,2.5731e-15,1.4988e-15,9.992e-17,2.8569e-30,1.4988e-09,2.3078e-09,
2870,65.7588,3.9901e-15,1.7764e-15,8.6597e-17,2.5176e-30,1.7764e-09,2.107e-09,
2871,65.7815,4.725e-15,1.3323e-15,8.9928e-17,2.5746e-30,1.3323e-09,2.1315e-09,
2872,65.8053,4.6074e-15,1.6653e-15,7.8271e-17,2.293e-30,1.6653e-09,2.0011e-09,
2873,65.8287,4.2722e-15,1.3323e-15,7.3275e-17,1.815e-30,1.3323e-09,1.8129e-09,
2874,65.852,4.1713e-15,1.3323e-15,6.3838e-17,1.5427e-30,1.3323e-09,1.6238e-09,
2875,65.8753,3.7816e-15,9.992e-16,5.7732e-17,1.1282e-30,9.992e-10,1.4176e-09,
2876,65.8985,3.2743e-15,2.5535e-15,1.2546e-16,5.8487e-30,2.5535e-09,3.163e-09,
2877,65.922,5.0578e-15,6.6613e-16,3.8858e-17,4.7609e-31,6.6613e-10,9.3237e-10,
2878,65.945,4.7532e-15,1.6653e-15,8.8818e-17,2.7364e-30,1.6653e-09,2.2122e-09,
2879,65.9684,3.366e-15,1.3323e-15,7.4385e-17,1.7888e-30,1.3323e-09,1.8005e-09,
2880,65.9916,4.1911e-15,1.3323e-15,6.4393e-17,1.5808e-30,1.3323e-09,1.6645e-09,
2881,66.0147,3.7879e-15,9.992e-16,5.8287e-17,1.0943e-30,9.992e-10,1.4132e-09,
2882,66.0375,3.319e-15,2.9976e-15,1.299e-16,6.7196e-30,2.9976e-09,3.4168e-09,
2883,66.0603,5.5699e-15,2.4425e-15,1.3989e-16,6.5717e-30,2.4425e-09,3.4337e-09,
2884,66.0852,7.5638e-15,8.8818e-16,5.4401e-17,1.0369e-30,8.8818e-10,1.3748e-09,
2885,66.1086,5.0397e-15,8.8818e-16,2.9976e-17,4.7917e-31,8.8818e-10,8.6943e-10,
2886,66.1302,2.546e-15,2.609e-15,1.299e-16,6.0047e-30,2.609e-09,3.3754e-09,
2887,66.1538,4.059e-15,3.3307e-16,1.6653e-17,1.0015e-31,3.3307e-10,4.1702e-10,
2888,66.1751,3.7039e-15,2.6645e-15,1.7653e-16,8.7067e-30,2.6645e-09,3.9333e-09,
2889,66.1988,5.7464e-15,7.7716e-16,5.3291e-17,8.7861e-31,7.7716e-10,1.2879e-09,
2890,66.2225,5.6641e-15,2.2204e-15,1.1102e-16,4.2343e-30,2.2204e-09,2.7221e-09,
2891,66.2458,4.3094e-15,1.5543e-15,9.8255e-17,3.3515e-30,1.5543e-09,2.4289e-09,
2892,66.2689,5.3402e-15,2.1094e-15,9.4369e-17,3.3746e-30,2.1094e-09,2.4388e-09,
2893,66.2922,5.1273e-15,1.4433e-15,9.77e-17,3.0291e-30,1.4433e-09,2.376e-09,
2894,66.316,4.9814e-15,1.9984e-15,8.5487e-17,2.9571e-30,1.9984e-09,2.2503e-09,
2895,66.3387,4.9184e-15,1.6653e-15,9.4924e-17,2.9941e-30,1.6653e-09,2.3325e-09,
2896,66.3625,5.1917e-15,1.9984e-15,9.4369e-17,3.4436e-30,1.9984e-09,2.4519e-09,
2897,66.3862,5.1273e-15,1.4433e-15,8.5487e-17,2.4532e-30,1.4433e-09,2.0855e-09,
2898,66.4093,4.8487e-15,1.7764e-15,8.5487e-17,2.6039e-30,1.7764e-09,2.1626e-09,
2899,66.4327,4.5813e-15,1.3323e-15,7.8826e-17,2.0292e-30,1.3323e-09,1.9258e-09,
2900,66.4585,4.3848e-15,1.4433e-15,7.8826e-17,2.2295e-30,1.4433e-09,1.9973e-09,
2901,66.4845,3.9449e-15,1.2212e-15,5.9397e-17,1.233e-30,1.2212e-09,1.4788e-09,
2902,66.5086,3.73e-15,2.4425e-15,1.5543e-16,8.0123e-30,2.4425e-09,3.869e-09,
2903,66.5317,5.408e-15,6.6613e-16,2.8866e-17,3.0661e-31,6.6613e-10,7.5054e-10,
2904,66.5529,5.0589e-15,2.498e-15,1.6209e-16,9.0384e-30,2.498e-09,4.0604e-09,
2905,66.5764,5.2026e-15,6.6613e-16,3.7748e-17,4.7147e-31,6.6613e-10,9.2496e-10,
2906,66.599,5.0309e-15,1.8874e-15,9.6034e-17,3.4147e-30,1.8874e-09,2.4316e-09,
2907,66.622,3.6437e-15,1.4433e-15,7.2164e-17,1.8474e-30,1.4433e-09,1.8104e-09,
2908,66.6453,4.6249e-15,1.5543e-15,9.2149e-17,2.9413e-30,1.5543e-09,2.3029e-09,
2909,66.6677,4.1788e-15,1.4433e-15,5.5511e-17,1.3343e-30,1.4433e-09,1.5037e-09,
2910,66.6892,4.2278e-15,2.276e-15,1.4433e-16,6.9919e-30,2.276e-09,3.6215e-09,
2911,66.7125,5.0874e-15,8.8818e-16,2.6645e-17,5.3926e-31,8.8818e-10,8.413e-10,
2912,66.7334,4.7875e-15,1.8874e-15,1.0214e-16,3.707e-30,1.8874e-09,2.625e-09,
2913,66.7557,3.5604e-15,9.992e-16,4.2188e-17,7.8116e-31,9.992e-10,1.1068e-09,
2914,66.7782,3.6615e-15,1.6098e-15,9.4924e-17,2.8631e-30,1.6098e-09,2.2645e-09,
2915,66.801,3.3129e-15,8.8818e-16,4.6629e-17,8.4741e-31,8.8818e-10,1.2208e-09,
2916,66.8229,3.3965e-15,1.8874e-15,1.1324e-16,4.43e-30,1.8874e-09,2.8385e-09,
2917,66.846,4.0098e-15,1.3323e-15,6.7724e-17,1.5115e-30,1.3323e-09,1.6403e-09,
2918,66.8677,4.5471e-15,2.7756e-15,1.7319e-16,9.7579e-30,2.7756e-09,4.2358e-09,
2919,66.8908,6.0892e-15,8.8818e-16,3.1086e-17,4.8264e-31,8.8818e-10,8.6922e-10,
2920,66.9126,5.7964e-15,2.3315e-15,1.4766e-16,6.9796e-30,2.3315e-09,3.5548e-09,
2921,66.9356,4.5897e-15,2.2204e-16,1.1102e-17,4.6222e-32,2.2204e-10,2.7564e-10,
2922,66.9558,4.2699e-15,1.4988e-15,7.9936e-17,2.2341e-30,1.4988e-09,1.9871e-09,
2923,66.9781,2.5488e-15,8.8818e-16,4.1078e-17,7.5496e-31,8.8818e-10,1.1412e-09,
2924,66.9989,3.1477e-15,4.2188e-15,2.0817e-16,1.604e-29,4.2188e-09,5.308e-09,
2925,67.023,7.3283e-15,8.8818e-16,6.1617e-17,1.1806e-30,8.8818e-10,1.4845e-09,
2926,67.0447,7.3402e-15,2.5535e-15,1.0991e-16,4.7963e-30,2.5535e-09,2.8737e-09,
2927,67.067,4.8366e-15,1.8874e-15,1.2768e-16,5.1661e-30,1.8874e-09,3.1029e-09,
2928,67.0904,6.3808e-15,2.6645e-15,1.0769e-16,4.9889e-30,2.6645e-09,2.8947e-09,
2929,67.1129,6.5359e-15,1.9984e-15,1.299e-16,5.2971e-30,1.9984e-09,3.1368e-09,
2930,67.1358,6.3616e-15,7.7716e-16,2.9976e-17,4.0098e-31,7.7716e-10,8.2386e-10,
2931,67.1575,4.6202e-15,2.7756e-15,1.8152e-16,1.0205e-29,2.7756e-09,4.3761e-09,
2932,67.1806,6.3627e-15,1.1102e-15,5.5511e-17,1.1313e-30,1.1102e-09,1.4e-09,
2933,67.2023,6.3546e-15,1.9984e-15,1.0547e-16,3.9462e-30,1.9984e-09,2.6494e-09,
2934,67.2256,4.6809e-15,2.2204e-15,1.0991e-16,4.5333e-30,2.2204e-09,2.8198e-09,
2935,67.248,5.9146e-15,1.8874e-15,1.0103e-16,3.4127e-30,1.8874e-09,2.4781e-09,
2936,67.2709,5.7557e-15,1.9984e-15,1.1657e-16,4.5964e-30,1.9984e-09,2.92e-09,
2937,67.2946,5.4092e-15,4.4409e-16,2.3315e-17,1.5562e-31,4.4409e-10,5.6383e-10,
2938,67.3154,3.7922e-15,2.5535e-15,1.2268e-16,5.2451e-30,2.5535e-09,2.9445e-09,
2939,67.3378,4.507e-15,2.1094e-15,1.1713e-16,4.8029e-30,2.1094e-09,2.9134e-09,
2940,67.3613,6.6955e-15,2.2204e-15,1.1768e-16,5.108e-30,2.2204e-09,2.9943e-09,
2941,67.3837,5.9901e-15,1.9984e-15,9.5479e-17,3.3434e-30,1.9984e-09,2.4257e-09,
2942,67.4069,5.7761e-15,1.6653e-15,1.0547e-16,3.9597e-30,1.6653e-09,2.6654e-09,
2943,67.4307,5.1177e-15,1.5543e-15,6.3838e-17,1.7029e-30,1.5543e-09,1.6862e-09,
2944,67.4526,4.574e-15,2.609e-15,1.7431e-16,1.0105e-29,2.609e-09,4.3018e-09,
2945,67.4757,6.1553e-15,7.7716e-16,2.7756e-17,3.5283e-31,7.7716e-10,7.7203e-10,
2946,67.4974,5.6349e-15,1.8874e-15,1.1657e-16,4.3295e-30,1.8874e-09,2.8997e-09,
2947,67.5206,3.6826e-15,5.5511e-16,2.2204e-17,2.1108e-31,5.5511e-10,5.7294e-10,
2948,67.5414,3.4301e-15,1.8319e-15,1.199e-16,4.291e-30,1.8319e-09,2.8171e-09,
2949,67.5655,3.6785e-15,4.4409e-16,2.5535e-17,2.5422e-31,4.4409e-10,5.9977e-10,
2950,67.5862,3.5261e-15,2.3315e-15,1.2546e-16,5.1738e-30,2.3315e-09,3.0735e-09,
2951,67.609,4.291e-15,1.8874e-15,9.6589e-17,3.0014e-30,1.8874e-09,2.3397e-09,
2952,67.632,5.9456e-15,1.9984e-15,1.0936e-16,4.3206e-30,1.9984e-09,2.7556e-09,
2953,67.6544,5.4558e-15,1.6653e-15,9.2149e-17,2.9247e-30,1.6653e-09,2.2673e-09,
2954,67.677,5.0855e-15,1.6653e-15,9.0483e-17,2.9417e-30,1.6653e-09,2.2926e-09,
2955,67.7002,4.6099e-15,1.3323e-15,7.383e-17,1.82e-30,1.3323e-09,1.815e-09,
2956,67.7226,4.1621e-15,1.3323e-15,8.4377e-17,2.3469e-30,1.3323e-09,2.1071e-09,
2957,67.7452,3.7539e-15,1.1102e-15,4.885e-17,8.971e-31,1.1102e-09,1.2705e-09,
2958,67.7675,3.438e-15,2.4425e-15,1.3045e-16,6.0108e-30,2.4425e-09,3.2608e-09,
2959,67.7907,5.0761e-15,8.3267e-16,5.4956e-17,1.0034e-30,8.3267e-10,1.3432e-09,
2960,67.8129,4.5874e-15,1.1102e-15,3.7748e-17,7.0566e-31,1.1102e-09,1.0855e-09,
2961,67.8347,2.9151e-15,4.1633e-15,2.5202e-16,2.0191e-29,4.1633e-09,6.2554e-09,
2962,67.858,8.0682e-15,1.3323e-15,5.8287e-17,1.3901e-30,1.3323e-09,1.5289e-09,
2963,67.8798,7.7216e-15,2.1094e-15,1.4377e-16,6.4222e-30,2.1094e-09,3.4593e-09,
2964,67.904,5.4294e-15,9.992e-16,5.6621e-17,1.0943e-30,9.992e-10,1.4e-09,
2965,67.9254,4.9424e-15,1.9984e-15,8.4932e-17,2.9247e-30,1.9984e-09,2.2416e-09,
2966,67.9479,4.3037e-15,1.4988e-15,9.1038e-17,2.8538e-30,1.4988e-09,2.3028e-09,
2967,67.9712,4.4893e-15,8.8818e-16,4.3299e-17,6.5674e-31,8.8818e-10,1.0831e-09,
2968,67.9935,3.13e-15,2.1094e-15,1.1269e-16,4.4608e-30,2.1094e-09,2.8364e-09,
2969,68.0161,4.2182e-15,1.7764e-15,8.9928e-17,2.7934e-30,1.7764e-09,2.2725e-09,
2970,68.0395,5.3646e-15,1.7764e-15,9.6034e-17,3.2991e-30,1.7764e-09,2.4212e-09,
2971,68.0617,4.8808e-15,1.3323e-15,6.2172e-17,1.4683e-30,1.3323e-09,1.5797e-09,
2972,68.0834,4.2751e-15,2.9976e-15,1.6709e-16,9.5129e-30,2.9976e-09,4.1703e-09,
2973,68.1078,6.2152e-15,8.8818e-16,4.1078e-17,6.3016e-31,8.8818e-10,1.0471e-09,
2974,68.1297,5.8215e-15,1.6653e-15,1.1213e-16,4.2047e-30,1.6653e-09,2.7913e-09,
2975,68.1529,3.7838e-15,5.5511e-16,1.8874e-17,1.6486e-31,5.5511e-10,5.3786e-10,
2976,68.1736,3.7195e-15,1.0547e-15,6.4393e-17,1.3532e-30,1.0547e-09,1.2943e-09,
2977,68.1954,2.6261e-15,1.9984e-15,9.1038e-17,3.3284e-30,1.9984e-09,1.8186e-09,
2978,68.2177,6.8225e-15,1.7208e-15,9.6589e-17,2.88e-30,1.7208e-09,2.1473e-09,
2979,68.241,6.6744e-15,6.1062e-16,2.498e-17,2.6231e-31,6.1062e-10,5.0514e-10,
2980,68.2616,4.131e-15,4.9405e-15,2.2926e-16,2.2614e-29,4.9405e-09,5.1227e-09,
2981,68.2839,1.2511e-14,3.1086e-15,1.8152e-16,1.0967e-29,3.1086e-09,4.2381e-09,
2982,68.3079,1.6435e-14,5.5511e-16,2.8866e-17,2.7926e-31,5.5511e-10,7.1648e-10,
2983,68.3295,6.0479e-15,5.5511e-16,2.8311e-17,2.8388e-31,5.5511e-10,6.5993e-10,
2984,68.3515,1.5644e-15,7.7716e-16,4.4409e-17,7.1953e-31,7.7716e-10,1.0564e-09,
2985,68.3735,2.7799e-15,3.4417e-15,2.3981e-16,1.6221e-29,3.4417e-09,5.1974e-09,
2986,68.3965,9.3951e-15,9.992e-16,3.9968e-17,6.5982e-31,9.992e-10,1.0195e-09,
2987,68.4176,8.1768e-15,3.5527e-15,2.4203e-16,1.8088e-29,3.5527e-09,5.7403e-09,
2988,68.4419,8.4378e-15,1.4433e-15,8.6597e-17,2.3974e-30,1.4433e-09,2.0915e-09,
2989,68.4643,8.0745e-15,1.3323e-15,7.4385e-17,1.7888e-30,1.3323e-09,1.8019e-09,
2990,68.4867,3.8571e-15,1.5543e-15,8.2712e-17,2.3947e-30,1.5543e-09,2.0709e-09,
2991,68.51,3.9498e-15,1.1102e-15,5.8842e-17,1.1097e-30,1.1102e-09,1.4175e-09,
2992,68.5316,3.7261e-15,2.6645e-15,1.4655e-16,7.3987e-30,2.6645e-09,3.6473e-09,
2993,68.5548,5.4516e-15,7.7716e-16,4.4964e-17,6.2901e-31,7.7716e-10,1.0873e-09,
2994,68.5778,5.0414e-15,2.5535e-15,1.0436e-16,4.4096e-30,2.5535e-09,2.6849e-09,
2995,68.6009,4.6713e-15,1.6653e-15,1.1324e-16,4.123e-30,1.6653e-09,2.7547e-09,
2996,68.6233,6.147e-15,2.2204e-15,8.8818e-17,3.3619e-30,2.2204e-09,2.3752e-09,
2997,68.6468,5.6478e-15,1.7764e-15,1.1657e-16,4.4897e-30,1.7764e-09,2.8759e-09,
2998,68.669,5.5226e-15,2.2204e-15,9.7145e-17,3.4917e-30,2.2204e-09,2.536e-09,
2999,68.6914,5.3795e-15,1.6653e-15,1.0325e-16,3.4543e-30,1.6653e-09,2.4941e-09,
3000,68.7159,5.5194e-15,2.2204e-15,9.4369e-17,3.6489e-30,2.2204e-09,2.4827e-09,
3001,68.7412,5.5832e-15,1.4433e-15,9.77e-17,2.9293e-30,1.4433e-09,2.3527e-09,
3002,68.7638,5.1468e-15,1.7764e-15,9.1593e-17,2.9617e-30,1.7764e-09,2.3194e-09,
3003,68.7873,4.4601e-15,1.3323e-15,7.6605e-17,1.8504e-30,1.3323e-09,1.8357e-09,
3004,68.81,4.2543e-15,1.4433e-15,7.3275e-17,1.9121e-30,1.4433e-09,1.8175e-09,
3005,68.8327,3.8872e-15,1.2212e-15,7.1054e-17,1.6193e-30,1.2212e-09,1.7449e-09,
3006,68.8564,3.7009e-15,1.5543e-15,7.8826e-17,2.2834e-30,1.5543e-09,1.9748e-09,
3007,68.8792,3.7043e-15,1.3323e-15,6.2172e-17,1.4314e-30,1.3323e-09,1.6024e-09,
3008,68.9008,3.9542e-15,2.6645e-15,1.5654e-16,8.57e-30,2.6645e-09,3.8932e-09,
3009,68.9249,5.7677e-15,5.5511e-16,3.7192e-17,4.1485e-31,5.5511e-10,8.8796e-10,
3010,68.9466,4.7861e-15,1.4433e-15,4.885e-17,1.2099e-30,1.4433e-09,1.4124e-09,
3011,68.9681,2.7735e-15,2.609e-15,1.5599e-16,7.8489e-30,2.609e-09,3.8975e-09,
3012,68.9923,5.6678e-15,5.5511e-16,2.4425e-17,2.3882e-31,5.5511e-10,6.262e-10,
3013,69.013,4.7531e-15,1.8874e-15,1.3545e-16,5.2081e-30,1.8874e-09,3.102e-09,
3014,69.0355,4.462e-15,2.4425e-15,1.1435e-16,4.6946e-30,2.4425e-09,2.873e-09,
3015,69.0587,6.3865e-15,1.7764e-15,1.1435e-16,4.1015e-30,1.7764e-09,2.7237e-09,
3016,69.0811,6.0755e-15,2.3315e-15,1.1768e-16,4.9585e-30,2.3315e-09,2.9677e-09,
3017,69.1041,5.8e-15,1.9984e-15,1.0325e-16,3.6674e-30,1.9984e-09,2.5658e-09,
3018,69.1271,6.0178e-15,1.9984e-15,1.1158e-16,4.5178e-30,1.9984e-09,2.787e-09,
3019,69.1498,5.5651e-15,1.8874e-15,7.3275e-17,2.2915e-30,1.8874e-09,1.9617e-09,
3020,69.172,5.462e-15,2.6645e-15,1.8263e-16,1.0796e-29,2.6645e-09,4.4091e-09,
3021,69.1963,6.6818e-15,7.7716e-16,3.2196e-17,4.0714e-31,7.7716e-10,8.4138e-10,
3022,69.2174,5.6386e-15,2.7756e-15,1.8319e-16,1.1657e-29,2.7756e-09,4.6032e-09,
3023,69.2405,5.8764e-15,8.8818e-16,4.1078e-17,6.1784e-31,8.8818e-10,1.0293e-09,
3024,69.2629,5.8908e-15,1.9984e-15,1.0547e-16,3.8226e-30,1.9984e-09,2.5718e-09,
3025,69.2854,4.1315e-15,1.8874e-15,8.9373e-17,2.84e-30,1.8874e-09,2.2644e-09,
3026,69.3079,5.391e-15,1.8874e-15,1.0214e-16,3.6993e-30,1.8874e-09,2.5265e-09,
3027,69.3311,5.1511e-15,1.6653e-15,8.2712e-17,2.4024e-30,1.6653e-09,2.0847e-09,
3028,69.3537,4.9266e-15,1.5543e-15,9.5479e-17,3.0722e-30,1.5543e-09,2.4047e-09,
3029,69.376,4.0872e-15,1.1102e-15,3.4972e-17,6.8139e-31,1.1102e-09,1.059e-09,
3030,69.3974,3.6188e-15,9.4369e-16,6.3838e-17,1.2268e-30,9.4369e-10,1.4828e-09,
3031,69.4197,2.4059e-15,7.7716e-16,3.4417e-17,4.1292e-31,7.7716e-10,8.4317e-10,
3032,69.4404,2.4782e-15,2.7756e-15,1.8763e-16,1.067e-29,2.7756e-09,4.3573e-09,
3033,69.4646,5.9058e-15,7.7716e-16,3.5527e-17,4.7147e-31,7.7716e-10,9.0828e-10,
3034,69.4855,5.7646e-15,3.1086e-15,2.0317e-16,1.4045e-29,3.1086e-09,5.1152e-09,
3035,69.5086,6.4264e-15,6.6613e-16,3.8858e-17,5.3926e-31,6.6613e-10,9.6491e-10,
3036,69.5312,6.2157e-15,1.7764e-15,8.6597e-17,2.8169e-30,1.7764e-09,2.1943e-09,
3037,69.5535,3.4444e-15,1.3323e-15,7.5495e-17,1.8812e-30,1.3323e-09,1.8663e-09,
3038,69.5759,4.2688e-15,1.4433e-15,8.7708e-17,2.5669e-30,1.4433e-09,2.1821e-09,
3039,69.5996,3.8855e-15,1.2212e-15,6.0507e-17,1.3054e-30,1.2212e-09,1.498e-09,
3040,69.6212,3.7565e-15,2.6645e-15,1.4044e-16,6.9553e-30,2.6645e-09,3.5214e-09,
3041,69.6444,5.5065e-15,6.6613e-16,4.6629e-17,6.7022e-31,6.6613e-10,1.1415e-09,
3042,69.6668,4.8607e-15,2.2204e-15,8.2157e-17,3.043e-30,2.2204e-09,2.2466e-09,
3043,69.6894,4.0755e-15,1.6098e-15,1.0048e-16,3.3638e-30,1.6098e-09,2.5255e-09,
3044,69.7122,5.0274e-15,1.9984e-15,7.605e-17,2.6351e-30,1.9984e-09,2.1032e-09,
3045,69.7354,4.6717e-15,1.4988e-15,9.77e-17,3.0491e-30,1.4988e-09,2.4212e-09,
3046,69.7578,4.7425e-15,1.7764e-15,6.9944e-17,2.2063e-30,1.7764e-09,1.9122e-09,
3047,69.7813,4.5021e-15,1.3878e-15,8.3267e-17,2.2499e-30,1.3878e-09,2.0754e-09,
3048,69.8048,4.0705e-15,1.3323e-15,4.6629e-17,1.117e-30,1.3323e-09,1.3463e-09,
3049,69.8266,3.7051e-15,2.1649e-15,1.3434e-16,5.9088e-30,2.1649e-09,3.339e-09,
3050,69.8501,5.2065e-15,7.7716e-16,3.1086e-17,3.8981e-31,7.7716e-10,8.3247e-10,
3051,69.8717,4.6262e-15,2.8866e-15,1.8874e-16,1.072e-29,2.8866e-09,4.5168e-09,
3052,69.8949,6.131e-15,1.2212e-15,5.6621e-17,1.2156e-30,1.2212e-09,1.4449e-09,
3053,69.9166,6.2305e-15,2.3315e-15,1.199e-16,5.111e-30,2.3315e-09,2.997e-09,
3054,69.9396,5.2755e-15,2.5535e-15,1.3212e-16,6.2246e-30,2.5535e-09,3.3492e-09,
3055,69.9628,6.8058e-15,7.7716e-16,3.5527e-17,4.4104e-31,7.7716e-10,8.8423e-10,
3056,69.9836,4.9453e-15,2.9421e-15,1.8874e-16,1.1464e-29,2.9421e-09,4.64e-09,
3057,70.0077,5.755e-15,7.7716e-16,3.4417e-17,4.395e-31,7.7716e-10,8.7241e-10,
3058,70.0287,5.769e-15,2.6645e-15,1.8319e-16,1.0831e-29,2.6645e-09,4.4587e-09,
3059,70.0518,5.7581e-15,6.6613e-16,3.2196e-17,3.6053e-31,6.6613e-10,8.1391e-10,
3060,70.0735,5.5523e-15,2.8866e-15,1.6764e-16,9.5576e-30,2.8866e-09,4.1262e-09,
3061,70.0968,5.4853e-15,7.7716e-16,4.4409e-17,6.2593e-31,7.7716e-10,1.0495e-09,
3062,70.1184,5.4857e-15,2.1094e-15,1.0103e-16,3.6242e-30,2.1094e-09,2.5314e-09,
3063,70.1416,4.0748e-15,1.6653e-15,9.3259e-17,2.8847e-30,1.6653e-09,2.2811e-09,
3064,70.1639,5.3289e-15,1.7764e-15,9.0483e-17,3.0896e-30,1.7764e-09,2.3122e-09,
3065,70.1872,4.7845e-15,1.3323e-15,7.5495e-17,1.8273e-30,1.3323e-09,1.8208e-09,
3066,70.2104,4.2547e-15,1.3323e-15,7.494e-17,1.8986e-30,1.3323e-09,1.8763e-09,
3067,70.2327,3.7896e-15,1.1102e-15,4.0523e-17,7.6305e-31,1.1102e-09,1.1211e-09,
3068,70.2543,3.5959e-15,1.3878e-15,7.8826e-17,2.1174e-30,1.3878e-09,1.9944e-09,
3069,70.2776,2.9479e-15,7.7716e-16,3.1086e-17,4.1793e-31,7.7716e-10,8.4596e-10,
3070,70.2985,2.6226e-15,2.609e-15,1.6431e-16,9.7883e-30,2.609e-09,4.2107e-09,
3071,70.3218,5.4547e-15,7.7716e-16,4.3299e-17,5.7354e-31,7.7716e-10,1.047e-09,
3072,70.3442,5.3187e-15,1.9984e-15,1.0769e-16,4.1203e-30,1.9984e-09,2.7202e-09,
3073,70.3674,3.9502e-15,1.6653e-15,8.6597e-17,2.5334e-30,1.6653e-09,2.1343e-09,
3074,70.3904,5.0589e-15,1.6098e-15,1.0325e-16,3.3681e-30,1.6098e-09,2.5865e-09,
3075,70.4137,4.388e-15,1.2212e-15,4.774e-17,9.2175e-31,1.2212e-09,1.2591e-09,
3076,70.4353,4.0649e-15,1.8319e-15,1.1879e-16,4.7486e-30,1.8319e-09,2.9609e-09,
3077,70.4585,4.238e-15,3.3307e-16,1.1102e-17,6.2015e-32,3.3307e-10,3.4134e-10,
3078,70.4793,3.6283e-15,2.1094e-15,1.0103e-16,3.7271e-30,2.1094e-09,2.5875e-09,
3079,70.5025,3.3038e-15,5.5511e-16,2.2204e-17,1.9452e-31,5.5511e-10,5.7726e-10,
3080,70.5233,3.6775e-15,1.6098e-15,5.9397e-17,1.6551e-30,1.6098e-09,1.6886e-09,
3081,70.5467,2.6209e-15,9.992e-16,5.5511e-17,1.0804e-30,9.992e-10,1.3954e-09,
3082,70.5687,3.1655e-15,1.8874e-15,9.992e-17,3.3342e-30,1.8874e-09,2.4457e-09,
3083,70.5917,4.3261e-15,2.2204e-15,1.1324e-16,4.6315e-30,2.2204e-09,2.8639e-09,
3084,70.6149,5.6345e-15,1.6653e-15,9.0483e-17,2.6551e-30,1.6653e-09,2.2152e-09,
3085,70.6375,5.3416e-15,1.7764e-15,9.0483e-17,2.9062e-30,1.7764e-09,2.2716e-09,
3086,70.6601,4.7632e-15,1.2212e-15,7.2164e-17,1.5746e-30,1.2212e-09,1.7184e-09,
3087,70.6837,4.2004e-15,1.4433e-15,5.8287e-17,1.4379e-30,1.4433e-09,1.5653e-09,
3088,70.7054,3.8881e-15,2.387e-15,1.5821e-16,7.8073e-30,2.387e-09,3.8353e-09,
3089,70.7285,5.883e-15,9.992e-16,4.5519e-17,7.6267e-31,9.992e-10,1.1937e-09,
3090,70.7508,5.4516e-15,1.6653e-15,8.9928e-17,2.6948e-30,1.6653e-09,2.2008e-09,
3091,70.7732,3.9705e-15,1.8874e-15,1.0214e-16,3.764e-30,1.8874e-09,2.558e-09,
3092,70.7956,4.924e-15,1.7764e-15,7.1054e-17,2.1108e-30,1.7764e-09,1.8964e-09,
3093,70.8183,5.0053e-15,2.9976e-15,1.8929e-16,1.1824e-29,2.9976e-09,4.6672e-09,
3094,70.8415,6.5853e-15,5.5511e-16,2.72e-17,2.4999e-31,5.5511e-10,6.6482e-10,
3095,70.8626,5.6593e-15,2.2204e-15,1.4655e-16,6.9118e-30,2.2204e-09,3.5745e-09,
3096,70.8866,4.594e-15,7.7716e-16,2.5535e-17,3.6053e-31,7.7716e-10,7.6206e-10,
3097,70.9074,4.8218e-15,2.387e-15,1.2546e-16,5.3868e-30,2.387e-09,3.1385e-09,
3098,70.9306,3.8949e-15,5.5511e-16,1.7764e-17,1.8527e-31,5.5511e-10,5.4219e-10,
3099,70.9527,3.9565e-15,2.4425e-15,1.0658e-16,4.3018e-30,2.4425e-09,2.6544e-09,
3100,70.9824,3.7778e-15,3.3307e-16,1.2212e-17,7.8963e-32,3.3307e-10,3.581e-10,
3101,71.0096,3.6177e-15,1.3878e-15,6.7724e-17,1.5454e-30,1.3878e-09,1.5942e-09,
3102,71.0388,2.3016e-15,7.7716e-16,4.3299e-17,6.3941e-31,7.7716e-10,1.0723e-09,
3103,71.0619,2.8654e-15,1.4433e-15,6.7724e-17,1.5843e-30,1.4433e-09,1.7005e-09,
3104,71.0858,3.2584e-15,2.9976e-15,1.8874e-16,1.2024e-29,2.9976e-09,4.6915e-09,
3105,71.1107,6.65e-15,9.992e-16,3.9413e-17,6.3055e-31,9.992e-10,1.0403e-09,
3106,71.1327,6.2992e-15,3.1086e-15,2.1094e-16,1.4104e-29,3.1086e-09,5.0365e-09,
3107,71.1564,6.7355e-15,9.992e-16,4.2188e-17,6.995e-31,9.992e-10,1.0978e-09,
3108,71.1789,6.6513e-15,1.5543e-15,1.0325e-16,3.5329e-30,1.5543e-09,2.5552e-09,
3109,71.2019,3.8191e-15,1.3323e-15,7.3275e-17,1.7241e-30,1.3323e-09,1.7946e-09,
3110,71.2247,4.2003e-15,1.3323e-15,6.4393e-17,1.5007e-30,1.3323e-09,1.626e-09,
3111,71.2477,3.8696e-15,1.1102e-15,6.1617e-17,1.2083e-30,1.1102e-09,1.504e-09,
3112,71.27,3.4665e-15,2.6645e-15,1.4433e-16,7.1537e-30,2.6645e-09,3.6072e-09,
3113,71.2944,5.34e-15,8.8818e-16,3.8858e-17,6.0705e-31,8.8818e-10,1.0019e-09,
3114,71.3158,5.1761e-15,3.4417e-15,2.2204e-16,1.6159e-29,3.4417e-09,5.4137e-09,
3115,71.3395,6.9773e-15,1.1102e-15,3.7748e-17,7.3031e-31,1.1102e-09,1.0992e-09,
3116,71.3618,7.3298e-15,1.6098e-15,8.9928e-17,2.7656e-30,1.6098e-09,2.2886e-09,
3117,71.3844,3.3071e-15,8.8818e-16,3.0531e-17,4.7339e-31,8.8818e-10,8.8432e-10,
3118,71.4059,3.1275e-15,2.5535e-15,1.4766e-16,7.4387e-30,2.5535e-09,3.6628e-09,
3119,71.4293,4.9145e-15,7.7716e-16,3.7748e-17,5.4696e-31,7.7716e-10,9.5578e-10,
3120,71.4524,4.6522e-15,1.7764e-15,9.1038e-17,2.9182e-30,1.7764e-09,2.2542e-09,
3121,71.4751,3.6424e-15,1.3323e-15,6.6613e-17,1.5484e-30,1.3323e-09,1.6836e-09,
3122,71.4972,4.347e-15,3.2196e-15,1.6986e-16,1.013e-29,3.2196e-09,4.2189e-09,
3123,71.5209,6.4753e-15,9.992e-16,6.5503e-17,1.4159e-30,9.992e-10,1.6209e-09,
3124,71.5445,6.0113e-15,9.992e-16,5.3291e-17,1.0142e-30,9.992e-10,1.3273e-09,
3125,71.5671,2.9308e-15,2.1094e-15,9.8255e-17,3.5025e-30,2.1094e-09,2.4813e-09,
3126,71.5901,4.471e-15,1.7208e-15,1.1102e-16,4.177e-30,1.7208e-09,2.8037e-09,
3127,71.6138,5.2552e-15,4.4409e-16,1.9984e-17,1.5754e-31,4.4409e-10,5.2128e-10,
3128,71.6346,3.5608e-15,3.7748e-15,2.2593e-16,1.7449e-29,3.7748e-09,5.607e-09,
3129,71.6581,7.1274e-15,1.1102e-15,5.8842e-17,1.211e-30,1.1102e-09,1.4555e-09,
3130,71.6806,7.4541e-15,2.5535e-15,1.3545e-16,6.6225e-30,2.5535e-09,3.4385e-09,
3131,71.704,5.1701e-15,6.6613e-16,4.1078e-17,5.6122e-31,6.6613e-10,1.0205e-09,
3132,71.7263,4.7178e-15,1.9984e-15,8.2157e-17,2.8288e-30,1.9984e-09,2.1835e-09,
3133,71.7493,3.7011e-15,1.4433e-15,9.5479e-17,3.0507e-30,1.4433e-09,2.3761e-09,
3134,71.7721,4.92e-15,1.8874e-15,8.5487e-17,2.8581e-30,1.8874e-09,2.2234e-09,
3135,71.7953,4.7096e-15,1.2768e-15,8.4377e-17,2.2622e-30,1.2768e-09,2.0619e-09,
3136,71.8183,4.3702e-15,1.7764e-15,6.4393e-17,2.0403e-30,1.7764e-09,1.8258e-09,
3137,71.8404,4.3702e-15,2.9976e-15,1.9096e-16,1.1767e-29,2.9976e-09,4.7332e-09,
3138,71.8647,7.2985e-15,1.3323e-15,6.4393e-17,1.4899e-30,1.3323e-09,1.6406e-09,
3139,71.8873,6.6641e-15,1.1102e-15,6.1062e-17,1.2422e-30,1.1102e-09,1.4911e-09,
3140,71.9095,3.4026e-15,2.7756e-15,1.4988e-16,7.8008e-30,2.7756e-09,3.7395e-09,
3141,71.9334,5.4855e-15,9.992e-16,4.885e-17,8.4741e-31,9.992e-10,1.2246e-09,
3142,71.9554,5.465e-15,2.4425e-15,1.0714e-16,4.7366e-30,2.4425e-09,2.8119e-09,
3143,71.9788,4.8325e-15,1.8874e-15,1.0603e-16,3.823e-30,1.8874e-09,2.5815e-09,
3144,72.002,6.0783e-15,2.3315e-15,1.1102e-16,4.6192e-30,2.3315e-09,2.8429e-09,
3145,72.0248,5.8816e-15,1.8874e-15,1.1435e-16,4.1311e-30,1.8874e-09,2.7886e-09,
3146,72.0479,5.8776e-15,2.3315e-15,1.0547e-16,4.1615e-30,2.3315e-09,2.7333e-09,
3147,72.0707,5.8067e-15,1.8874e-15,9.992e-17,3.3188e-30,1.8874e-09,2.4393e-09,
3148,72.0937,5.7859e-15,2.1094e-15,1.2157e-16,5.1311e-30,2.1094e-09,3.0455e-09,
3149,72.1174,5.4939e-15,6.6613e-16,3.3307e-17,3.8827e-31,6.6613e-10,8.2089e-10,
3150,72.1415,4.1339e-15,3.5527e-15,1.8596e-16,1.1926e-29,3.5527e-09,4.5057e-09,
3151,72.1655,6.3783e-15,9.992e-16,5.7732e-17,1.077e-30,9.992e-10,1.4269e-09,
3152,72.1877,6.5673e-15,2.5535e-15,1.1879e-16,5.425e-30,2.5535e-09,3.0707e-09,
3153,72.2105,4.9416e-15,1.8874e-15,1.1435e-16,4.2189e-30,1.8874e-09,2.8023e-09,
3154,72.2336,6.2017e-15,2.2204e-15,1.0436e-16,3.9786e-30,2.2204e-09,2.6847e-09,
3155,72.2565,5.7783e-15,1.7764e-15,1.0492e-16,3.5734e-30,1.7764e-09,2.5561e-09,
3156,72.2797,5.6015e-15,2.3315e-15,1.0214e-16,4.1538e-30,2.3315e-09,2.6771e-09,
3157,72.3029,5.7852e-15,1.6653e-15,1.1047e-16,3.6211e-30,1.6653e-09,2.663e-09,
3158,72.3259,5.3785e-15,2.1094e-15,8.5487e-17,3.1127e-30,2.1094e-09,2.2996e-09,
3159,72.3487,5.1743e-15,1.4433e-15,9.5479e-17,2.954e-30,1.4433e-09,2.3321e-09,
3160,72.3717,4.9036e-15,1.5543e-15,7.4385e-17,2.0877e-30,1.5543e-09,1.9149e-09,
3161,72.3945,4.2296e-15,1.2212e-15,7.7716e-17,1.9383e-30,1.2212e-09,1.8923e-09,
3162,72.4176,3.975e-15,1.7764e-15,7.5495e-17,2.3296e-30,1.7764e-09,1.9953e-09,
3163,72.4413,4.1926e-15,1.3878e-15,9.5479e-17,2.8658e-30,1.3878e-09,2.3187e-09,
3164,72.4645,4.5278e-15,1.7764e-15,8.1601e-17,2.5765e-30,1.7764e-09,2.1189e-09,
3165,72.4871,4.4161e-15,1.2212e-15,8.1046e-17,2.08e-30,1.2212e-09,1.9952e-09,
3166,72.5102,4.1443e-15,1.4433e-15,6.3838e-17,1.5951e-30,1.4433e-09,1.6488e-09,
3167,72.5322,3.8631e-15,2.6645e-15,1.3656e-16,6.6225e-30,2.6645e-09,3.4179e-09,
3168,72.5559,6.1382e-15,2.7756e-15,1.4433e-16,7.3432e-30,2.7756e-09,3.5837e-09,
3169,72.5793,7.5166e-15,7.7716e-16,4.6629e-17,6.8717e-31,7.7716e-10,1.1225e-09,
3170,72.6016,5.157e-15,2.1094e-15,1.0436e-16,3.9166e-30,2.1094e-09,2.6322e-09,
3171,72.6245,4.0925e-15,1.6653e-15,8.6597e-17,2.4806e-30,1.6653e-09,2.1112e-09,
3172,72.6476,5.2725e-15,1.4988e-15,9.5479e-17,3.0414e-30,1.4988e-09,2.3711e-09,
3173,72.6704,4.4516e-15,1.3323e-15,5.4401e-17,1.1633e-30,1.3323e-09,1.4143e-09,
3174,72.6926,3.9929e-15,1.8874e-15,1.2546e-16,5.2358e-30,1.8874e-09,3.108e-09,
3175,72.7167,4.5435e-15,5.5511e-16,2.2204e-17,2.1724e-31,5.5511e-10,6.1367e-10,
3176,72.7387,3.9751e-15,2.2204e-15,1.3545e-16,6.1229e-30,2.2204e-09,3.3425e-09,
3177,72.7626,4.3488e-15,5.5511e-16,2.1094e-17,1.9413e-31,5.5511e-10,5.6342e-10,
3178,72.7832,4.3373e-15,1.2212e-15,7.383e-17,1.8678e-30,1.2212e-09,1.8295e-09,
3179,72.806,2.3004e-15,5.5511e-16,2.9976e-17,2.7271e-31,5.5511e-10,6.4697e-10,
3180,72.8272,2.5418e-15,2.3315e-15,1.6209e-16,7.5142e-30,2.3315e-09,3.5155e-09,
3181,72.851,5.2223e-15,6.6613e-16,2.9976e-17,3.2702e-31,6.6613e-10,7.6001e-10,
3182,72.8728,5.0529e-15,2.5535e-15,1.5765e-16,8.5669e-30,2.5535e-09,3.9234e-09,
3183,72.8963,5.1593e-15,6.6613e-16,3.3307e-17,4.0213e-31,6.6613e-10,8.2655e-10,
3184,72.9187,5.0807e-15,1.5543e-15,8.9928e-17,2.8673e-30,1.5543e-09,2.2764e-09,
3185,72.9413,3.2522e-15,1.5543e-15,7.5495e-17,2.1e-30,1.5543e-09,1.9051e-09,
3186,72.9643,4.3157e-15,1.6653e-15,8.7708e-17,2.8354e-30,1.6653e-09,2.2423e-09,
3187,72.9869,4.4869e-15,1.2212e-15,7.0499e-17,1.6521e-30,1.2212e-09,1.7075e-09,
3188,73.0102,4.0785e-15,1.4433e-15,7.7161e-17,2.1898e-30,1.4433e-09,1.9475e-09,
3189,73.033,3.6525e-15,1.2212e-15,6.1062e-17,1.2958e-30,1.2212e-09,1.5191e-09,
3190,73.0551,3.6559e-15,2.7756e-15,1.4988e-16,8.0165e-30,2.7756e-09,3.7871e-09,
3191,73.0793,5.7693e-15,7.7716e-16,3.2752e-17,4.3179e-31,7.7716e-10,8.599e-10,
3192,73.1006,5.4108e-15,3.0531e-15,1.9762e-16,1.2882e-29,3.0531e-09,4.9128e-09,
3193,73.124,6.0833e-15,7.7716e-16,4.6629e-17,7.3648e-31,7.7716e-10,1.163e-09,
3194,73.1463,5.8239e-15,2.3315e-15,1.027e-16,4.1897e-30,2.3315e-09,2.6545e-09,
3195,73.1689,4.268e-15,1.8874e-15,1.0825e-16,3.9971e-30,1.8874e-09,2.6955e-09,
3196,73.1918,5.9788e-15,2.1094e-15,1.0658e-16,4.2062e-30,2.1094e-09,2.7253e-09,
3197,73.2145,5.7084e-15,1.6653e-15,8.9928e-17,2.8488e-30,1.6653e-09,2.2154e-09,
3198,73.2376,5.2525e-15,1.6653e-15,9.77e-17,3.3742e-30,1.6653e-09,2.4209e-09,
3199,73.2604,4.6245e-15,1.4433e-15,7.6605e-17,1.9198e-30,1.4433e-09,1.884e-09,
3200,73.2851,4.3123e-15,1.5543e-15,8.8818e-17,2.7506e-30,1.5543e-09,2.231e-09,
3201,73.3109,4.0694e-15,1.1102e-15,5.7732e-17,1.1925e-30,1.1102e-09,1.4586e-09,
3202,73.3341,3.7196e-15,2.7756e-15,1.4211e-16,7.1629e-30,2.7756e-09,3.5009e-09,
3203,73.3585,5.5092e-15,7.7716e-16,4.1078e-17,5.8741e-31,7.7716e-10,1.0064e-09,
3204,73.381,5.1444e-15,1.7764e-15,1.0825e-16,4.0063e-30,1.7764e-09,2.7273e-09,
3205,73.4044,3.7926e-15,1.4433e-15,6.5503e-17,1.5951e-30,1.4433e-09,1.6658e-09,
3206,73.4269,4.5304e-15,2.7756e-15,1.632e-16,9.3816e-30,2.7756e-09,4.1224e-09,
3207,73.4507,6.183e-15,6.6613e-16,4.4409e-17,6.1514e-31,6.6613e-10,1.0498e-09,
3208,73.473,5.2448e-15,1.7764e-15,9.2704e-17,3.0295e-30,1.7764e-09,2.3025e-09,
3209,73.4958,3.5228e-15,1.3323e-15,7.6605e-17,1.8381e-30,1.3323e-09,1.828e-09,
3210,73.5191,4.4567e-15,1.5543e-15,8.8263e-17,2.6597e-30,1.5543e-09,2.1932e-09,
3211,73.5418,4.0358e-15,1.3323e-15,6.8834e-17,1.6702e-30,1.3323e-09,1.7278e-09,
3212,73.5648,3.9863e-15,1.2212e-15,7.3275e-17,1.7734e-30,1.2212e-09,1.8172e-09,
3213,73.5877,3.4333e-15,1.1102e-15,5.107e-17,9.3985e-31,1.1102e-09,1.2836e-09,
3214,73.6099,3.2463e-15,2.1094e-15,1.3545e-16,6.0644e-30,2.1094e-09,3.3412e-09,
3215,73.6342,4.8314e-15,6.6613e-16,3.1641e-17,3.717e-31,6.6613e-10,8.0719e-10,
3216,73.6554,4.3501e-15,3.3307e-15,1.8763e-16,1.2258e-29,3.3307e-09,4.6437e-09,
3217,73.6791,6.2157e-15,9.992e-16,4.3299e-17,7.2299e-31,9.992e-10,1.1338e-09,
3218,73.7014,6.5562e-15,1.7764e-15,1.1435e-16,4.239e-30,1.7764e-09,2.7868e-09,
3219,73.7248,4.0793e-15,5.5511e-16,2.5535e-17,2.6193e-31,5.5511e-10,6.5699e-10,
3220,73.7465,3.5963e-15,2.5535e-15,1.3767e-16,6.5794e-30,2.5535e-09,3.3969e-09,
3221,73.77,4.5908e-15,9.992e-16,4.1078e-17,7.0412e-31,9.992e-10,1.0965e-09,
3222,73.7923,5.0756e-15,1.8874e-15,1.0991e-16,4.0599e-30,1.8874e-09,2.6846e-09,
3223,73.8153,4.1766e-15,1.6653e-15,6.4393e-17,1.8262e-30,1.6653e-09,1.7257e-09,
3224,73.8374,5.1418e-15,2.3315e-15,1.5654e-16,7.7627e-30,2.3315e-09,3.7922e-09,
3225,73.8613,5.6279e-15,5.5511e-16,2.609e-17,2.5769e-31,5.5511e-10,6.7154e-10,
3226,73.8827,4.5328e-15,2.6645e-15,1.5044e-16,7.6949e-30,2.6645e-09,3.7237e-09,
3227,73.9066,4.9206e-15,7.7716e-16,3.3307e-17,3.9289e-31,7.7716e-10,8.4203e-10,
3228,73.9283,5.2638e-15,2.8866e-15,1.7986e-16,9.907e-30,2.8866e-09,4.3976e-09,
3229,73.952,5.4385e-15,4.4409e-16,2.1094e-17,1.664e-31,4.4409e-10,5.4631e-10,
3230,73.9734,5.1645e-15,1.6653e-15,1.0658e-16,3.5364e-30,1.6653e-09,2.4513e-09,
3231,73.9961,3.5028e-15,1.5543e-15,7.4385e-17,1.9244e-30,1.5543e-09,1.7968e-09,
3232,74.0185,4.7518e-15,3.1086e-15,1.9207e-16,1.1508e-29,3.1086e-09,4.527e-09,
3233,74.0426,6.9212e-15,8.8818e-16,4.3299e-17,6.5482e-31,8.8818e-10,1.078e-09,
3234,74.0648,6.1291e-15,1.7764e-15,9.881e-17,3.4775e-30,1.7764e-09,2.498e-09,
3235,74.0878,3.8563e-15,1.6653e-15,6.6613e-17,1.8766e-30,1.6653e-09,1.7845e-09,
3236,74.11,4.8932e-15,2.8866e-15,1.8874e-16,1.175e-29,2.8866e-09,4.6524e-09,
3237,74.1336,6.6281e-15,8.8818e-16,2.9976e-17,4.3449e-31,8.8818e-10,8.6436e-10,
3238,74.1549,6.0776e-15,2.0539e-15,1.1435e-16,4.3541e-30,2.0539e-09,2.9469e-09,
3239,74.1787,3.5708e-15,4.4409e-16,1.1102e-17,1.0169e-31,4.4409e-10,4.0317e-10,
3240,74.1994,3.3394e-15,6.6613e-16,2.5535e-17,2.7926e-31,6.6613e-10,6.6186e-10,
3241,74.2214,1.1744e-15,5.5511e-16,3.4417e-17,3.8403e-31,5.5511e-10,7.4877e-10,
3242,74.243,1.8775e-15,2.2204e-15,1.299e-16,5.8333e-30,2.2204e-09,2.9848e-09,
3243,74.2669,5.675e-15,7.7716e-16,5.218e-17,8.6744e-31,7.7716e-10,1.2679e-09,
3244,74.2895,5.1809e-15,1.5543e-15,6.1062e-17,1.5269e-30,1.5543e-09,1.6167e-09,
3245,74.3115,3.4092e-15,2.498e-15,1.4322e-16,6.2261e-30,2.498e-09,3.4983e-09,
3246,74.3353,5.1052e-15,5.5511e-16,1.9984e-17,1.9914e-31,5.5511e-10,5.7534e-10,
3247,74.3557,4.2841e-15,2.1649e-15,1.2323e-16,4.3079e-30,2.1649e-09,2.7022e-09,
3248,74.3796,3.7516e-15,4.4409e-16,2.4425e-17,2.1262e-31,4.4409e-10,5.8751e-10,
3249,74.4001,3.6129e-15,2.498e-15,1.3989e-16,7.0354e-30,2.498e-09,3.1931e-09,
3250,74.4238,5.2288e-15,7.2164e-16,3.4972e-17,4.4258e-31,7.2164e-10,9.2605e-10,
3251,74.4458,5.6026e-15,6.6613e-16,2.7756e-17,3.405e-31,6.6613e-10,7.7232e-10,
3252,74.4682,1.4264e-15,1.4433e-15,6.9944e-17,1.7364e-30,1.4433e-09,1.7485e-09,
3253,74.4906,2.9071e-15,2.4425e-15,1.6209e-16,8.0334e-30,2.4425e-09,3.8611e-09,
3254,74.5151,6.1865e-15,1.1102e-15,7.1054e-17,1.7769e-30,1.1102e-09,1.8021e-09,
3255,74.5382,5.1122e-15,5.5511e-16,1.6653e-17,1.7102e-31,5.5511e-10,5.2771e-10,
3256,74.5589,2.4395e-15,1.7208e-15,1.2323e-16,4.1015e-30,1.7208e-09,2.3562e-09,
3257,74.5817,4.2298e-15,8.8818e-16,5.3846e-17,9.6027e-31,8.8818e-10,1.0725e-09,
3258,74.6039,6.3458e-15,1.8319e-15,1.2879e-16,4.6084e-30,1.8319e-09,2.6186e-09,
3259,74.6275,5.9125e-15,1.6653e-16,1.3323e-17,4.3526e-32,1.6653e-10,2.7589e-10,
3260,74.648,3.9275e-15,1.7764e-15,1.1491e-16,4.1989e-30,1.7764e-09,2.5732e-09,
3261,74.6711,4.3337e-15,1.5543e-15,1.088e-16,3.3249e-30,1.5543e-09,2.4903e-09,
3262,74.694,5.784e-15,1.4433e-15,4.2744e-17,1.1328e-30,1.4433e-09,1.3686e-09,
3263,74.7152,4.4577e-15,1.1102e-15,7.383e-17,1.5812e-30,1.1102e-09,1.6308e-09,
3264,74.7383,2.8221e-15,7.7716e-16,3.8858e-17,5.1461e-31,7.7716e-10,8.1776e-10,
3265,74.7604,3.4978e-15,1.2212e-15,7.7716e-17,1.7303e-30,1.2212e-09,1.5932e-09,
3266,74.7833,3.9651e-15,3.3307e-15,1.8874e-16,1.0764e-29,3.3307e-09,4.0932e-09,
3267,74.8067,7.8586e-15,1.2212e-15,6.1062e-17,1.2546e-30,1.2212e-09,1.526e-09,
3268,74.8291,7.0189e-15,2.7756e-15,1.5377e-16,8.2634e-30,2.7756e-09,3.8344e-09,
3269,74.8525,5.6862e-15,8.8818e-16,3.4972e-17,4.9959e-31,8.8818e-10,9.2311e-10,
3270,74.8739,5.4865e-15,2.7756e-15,1.7431e-16,9.8592e-30,2.7756e-09,4.3027e-09,
3271,74.8974,5.3834e-15,5.5511e-16,2.0539e-17,1.9914e-31,5.5511e-10,5.568e-10,
3272,74.9186,5.4128e-15,7.7716e-16,3.2196e-17,4.3141e-31,7.7716e-10,8.2935e-10,
3273,74.9401,1.4431e-15,2.1649e-15,1.1435e-16,4.9026e-30,2.1649e-09,2.747e-09,
3274,74.9637,5.9196e-15,5.5511e-16,3.2196e-17,3.1123e-31,5.5511e-10,8.0222e-10,
3275,74.9858,4.6267e-15,5.5511e-16,2.3315e-17,2.4074e-31,5.5511e-10,5.1851e-10,
3276,75.0063,1.7095e-15,4.1633e-15,2.6978e-16,2.1104e-29,4.1633e-09,5.8887e-09,
3277,75.0302,1.0203e-14,1.1102e-15,5.4956e-17,9.803e-31,1.1102e-09,1.3132e-09,
3278,75.0522,9.0779e-15,1.7208e-15,1.249e-16,4.41e-30,1.7208e-09,2.8615e-09,
3279,75.0761,4.7297e-15,1.9984e-15,1.0658e-16,3.7378e-30,1.9984e-09,2.5884e-09,
3280,75.1001,5.5587e-15,1.5543e-15,9.7145e-17,2.937e-30,1.5543e-09,2.2965e-09,
3281,75.1233,5.0162e-15,1.8874e-15,9.3259e-17,3.1481e-30,1.8874e-09,2.3626e-09,
3282,75.1484,4.8778e-15,1.3323e-15,8.5487e-17,2.2233e-30,1.3323e-09,2.0273e-09,
3283,75.1716,4.5635e-15,1.7764e-15,7.8826e-17,2.4313e-30,1.7764e-09,2.0337e-09,
3284,75.1951,4.3999e-15,1.2212e-15,8.1046e-17,1.986e-30,1.2212e-09,1.93e-09,
3285,75.2185,4.0354e-15,1.5543e-15,8.2157e-17,2.3346e-30,1.5543e-09,2.0471e-09,
3286,75.2416,3.7396e-15,8.8818e-16,5.6621e-17,9.5064e-31,8.8818e-10,1.3217e-09,
3287,75.2635,3.5465e-15,2.6645e-15,1.199e-16,5.3834e-30,2.6645e-09,3.0656e-09,
3288,75.2872,5.0175e-15,1.8874e-15,1.3323e-16,5.4573e-30,1.8874e-09,3.1346e-09,
3289,75.3109,6.521e-15,8.8818e-16,4.2744e-17,6.6445e-31,8.8818e-10,1.0805e-09,
3290,75.3365,4.6425e-15,1.5543e-15,9.5479e-17,2.9028e-30,1.5543e-09,2.31e-09,
3291,75.3596,3.7024e-15,2.1094e-15,9.2704e-17,3.3731e-30,2.1094e-09,2.3945e-09,
3292,75.3842,5.1225e-15,1.8874e-15,1.0714e-16,3.786e-30,1.8874e-09,2.6232e-09,
3293,75.4074,5.5692e-15,2.2204e-15,1.1491e-16,4.8075e-30,2.2204e-09,2.8951e-09,
3294,75.431,5.6321e-15,1.8874e-15,9.5479e-17,3.0461e-30,1.8874e-09,2.3539e-09,
3295,75.4544,5.6445e-15,1.9984e-15,1.1546e-16,4.6719e-30,1.9984e-09,2.884e-09,
3296,75.4782,5.3628e-15,1.5543e-15,6.4393e-17,1.6363e-30,1.5543e-09,1.6794e-09,
3297,75.5006,5.0336e-15,2.9421e-15,1.7319e-16,1.0032e-29,2.9421e-09,4.3644e-09,
3298,75.5241,5.9528e-15,4.4409e-16,2.5535e-17,2.1455e-31,4.4409e-10,5.9857e-10,
3299,75.5451,5.0857e-15,2.2204e-15,1.2323e-16,5.0402e-30,2.2204e-09,3.0118e-09,
3300,75.5706,4.0748e-15,5.5511e-16,3.5527e-17,4.0984e-31,5.5511e-10,8.7034e-10,
3301,75.5972,4.0807e-15,1.5543e-15,6.1062e-17,1.6471e-30,1.5543e-09,1.6669e-09,
3302,75.6221,2.9564e-15,2.4425e-15,1.5987e-16,8.5203e-30,2.4425e-09,3.9082e-09,
3303,75.6466,6.4901e-15,1.2212e-15,4.7184e-17,9.5719e-31,1.2212e-09,1.2884e-09,
3304,75.6691,6.185e-15,2.0539e-15,1.3878e-16,5.938e-30,2.0539e-09,3.3817e-09,
3305,75.6936,5.0387e-15,7.7716e-16,3.8858e-17,5.7932e-31,7.7716e-10,9.8309e-10,
3306,75.7163,4.4369e-15,1.3323e-15,7.383e-17,1.8447e-30,1.3323e-09,1.7784e-09,
3307,75.7391,3.0588e-15,1.6653e-15,7.8826e-17,2.3358e-30,1.6653e-09,2.0413e-09,
3308,75.7622,4.0661e-15,1.2212e-15,7.5495e-17,1.8273e-30,1.2212e-09,1.8331e-09,
3309,75.785,3.9792e-15,1.4433e-15,6.7724e-17,1.7734e-30,1.4433e-09,1.7582e-09,
3310,75.8084,3.7637e-15,1.2212e-15,5.6621e-17,1.1791e-30,1.2212e-09,1.4423e-09,
3311,75.8303,3.7084e-15,2.5535e-15,1.4988e-16,7.7026e-30,2.5535e-09,3.6969e-09,
3312,75.8539,5.4512e-15,7.7716e-16,3.8858e-17,5.3502e-31,7.7716e-10,9.6954e-10,
3313,75.8758,4.9707e-15,1.6653e-15,8.9928e-17,2.8458e-30,1.6653e-09,2.2581e-09,
3314,75.8983,3.4689e-15,1.3323e-15,7.7716e-17,1.9614e-30,1.3323e-09,1.8692e-09,
3315,75.9221,4.1781e-15,1.6653e-15,8.2157e-17,2.4652e-30,1.6653e-09,2.084e-09,
3316,75.9454,4.1883e-15,1.4433e-15,6.7724e-17,1.681e-30,1.4433e-09,1.7175e-09,
3317,75.9694,4.3276e-15,3.3307e-15,1.843e-16,1.1916e-29,3.3307e-09,4.6095e-09,
3318,75.9928,6.8581e-15,7.7716e-16,4.2188e-17,5.7008e-31,7.7716e-10,1.0133e-09,
3319,76.0145,6.2487e-15,1.7764e-15,1.0658e-16,3.7425e-30,1.7764e-09,2.6384e-09,
3320,76.037,3.7876e-15,1.4433e-15,7.1054e-17,1.7738e-30,1.4433e-09,1.7692e-09,
3321,76.0596,4.506e-15,1.3323e-15,7.8271e-17,2.1466e-30,1.3323e-09,1.9713e-09,
3322,76.0822,3.889e-15,9.992e-16,4.6629e-17,7.5997e-31,9.992e-10,1.1495e-09,
3323,76.1037,3.3224e-15,1.9984e-15,1.2768e-16,5.4669e-30,1.9984e-09,3.1428e-09,
3324,76.1272,4.4406e-15,5.5511e-16,2.9421e-17,2.9621e-31,5.5511e-10,7.3062e-10,
3325,76.148,3.9976e-15,3.1086e-15,1.4988e-16,8.3404e-30,3.1086e-09,3.8225e-09,
3326,76.1709,5.3269e-15,7.7716e-16,5.218e-17,8.1814e-31,7.7716e-10,1.2329e-09,
3327,76.1928,5.5069e-15,2.2204e-15,9.7145e-17,3.5687e-30,2.2204e-09,2.4912e-09,
3328,76.2152,4.2712e-15,1.4433e-15,1.0103e-16,2.9613e-30,1.4433e-09,2.3767e-09,
3329,76.2398,5.2967e-15,1.8874e-15,7.9936e-17,2.5376e-30,1.8874e-09,2.0747e-09,
3330,76.2626,4.8719e-15,1.3878e-15,9.9365e-17,2.9309e-30,1.3878e-09,2.356e-09,
3331,76.286,4.608e-15,1.8874e-15,7.605e-17,2.3947e-30,1.8874e-09,2.0238e-09,
3332,76.3093,4.598e-15,1.4988e-15,1.0214e-16,3.2879e-30,1.4988e-09,2.4816e-09,
3333,76.3321,4.8607e-15,1.6653e-15,8.9373e-17,2.7814e-30,1.6653e-09,2.2325e-09,
3334,76.3548,4.4873e-15,1.1102e-15,6.6613e-17,1.3466e-30,1.1102e-09,1.5688e-09,
3335,76.3766,3.9692e-15,2.8866e-15,1.5099e-16,7.8917e-30,2.8866e-09,3.7551e-09,
3336,76.4002,5.7176e-15,7.7716e-16,4.3299e-17,5.8856e-31,7.7716e-10,1.0401e-09,
3337,76.4225,5.3902e-15,1.9984e-15,1.0991e-16,3.9385e-30,1.9984e-09,2.651e-09,
3338,76.4453,4.0936e-15,1.5543e-15,6.3283e-17,1.6378e-30,1.5543e-09,1.6734e-09,
3339,76.4672,5.0563e-15,2.4425e-15,1.5821e-16,8.7102e-30,2.4425e-09,3.97e-09,
3340,76.4907,5.8943e-15,7.7716e-16,3.7748e-17,4.965e-31,7.7716e-10,9.4816e-10,
3341,76.5126,5.1479e-15,1.9984e-15,1.0103e-16,3.8241e-30,1.9984e-09,2.5727e-09,
3342,76.5355,4.0044e-15,1.4433e-15,7.5495e-17,1.9706e-30,1.4433e-09,1.8609e-09,
3343,76.5582,4.7132e-15,1.5543e-15,9.77e-17,3.4239e-30,1.5543e-09,2.4714e-09,
3344,76.5811,4.3078e-15,1.2212e-15,4.1078e-17,8.6744e-31,1.2212e-09,1.1865e-09,
3345,76.603,4.2381e-15,1.2212e-15,8.2712e-17,2.0727e-30,1.2212e-09,1.8018e-09,
3346,76.6256,3.079e-15,3.3307e-16,2.1094e-17,1.3096e-31,3.3307e-10,3.8295e-10,
3347,76.6467,3.4857e-15,2.8311e-15,1.4988e-16,7.639e-30,2.8311e-09,3.0278e-09,
3348,76.6693,7.6258e-15,1.9984e-15,1.5654e-16,6.881e-30,1.9984e-09,3.2158e-09,
3349,76.6928,1.0282e-14,4.4409e-16,1.9984e-17,1.5407e-31,4.4409e-10,5.1037e-10,
3350,76.7139,5.115e-15,1.9429e-15,1.3101e-16,4.8445e-30,1.9429e-09,2.9907e-09,
3351,76.7374,4.304e-15,5.5511e-16,3.4972e-17,4.2717e-31,5.5511e-10,8.4523e-10,
3352,76.7594,3.8002e-15,8.8818e-16,3.8858e-17,5.6083e-31,8.8818e-10,1.0076e-09,
3353,76.7803,2.1254e-15,3.4417e-15,2.0761e-16,1.4952e-29,3.4417e-09,5.2114e-09,
3354,76.8037,6.8624e-15,9.992e-16,5.3291e-17,8.8901e-31,9.992e-10,1.2904e-09,
3355,76.8258,6.8874e-15,2.4425e-15,1.3212e-16,5.9704e-30,2.4425e-09,3.2744e-09,
3356,76.8493,4.9275e-15,6.6613e-16,3.3307e-17,4.2717e-31,6.6613e-10,8.3802e-10,
3357,76.8724,4.5281e-15,3.3307e-15,1.7764e-16,1.0992e-29,3.3307e-09,4.3921e-09,
3358,76.8986,5.9638e-15,9.992e-16,5.3291e-17,9.2329e-31,9.992e-10,1.3202e-09,
3359,76.9205,6.2642e-15,2.6645e-15,1.2823e-16,6.1926e-30,2.6645e-09,3.3168e-09,
3360,76.9443,5.2063e-15,4.996e-16,3.3862e-17,3.2394e-31,4.996e-10,7.851e-10,
3361,76.9664,4.3948e-15,1.3323e-15,4.885e-17,1.0851e-30,1.3323e-09,1.353e-09,
3362,76.9885,2.3278e-15,2.4425e-15,1.5488e-16,7.3405e-30,2.4425e-09,3.7576e-09,
3363,77.0136,5.2759e-15,7.7716e-16,2.8311e-17,3.6862e-31,7.7716e-10,7.9845e-10,
3364,77.0353,4.9256e-15,2.609e-15,1.7042e-16,9.3835e-30,2.609e-09,4.1713e-09,
3365,77.059,5.862e-15,1.2212e-15,4.885e-17,1.0677e-30,1.2212e-09,1.3259e-09,
3366,77.081,6.0542e-15,1.9984e-15,1.3101e-16,5.4635e-30,1.9984e-09,3.2056e-09,
3367,77.1045,4.8905e-15,8.8818e-16,3.3307e-17,5.1345e-31,8.8818e-10,9.144e-10,
3368,77.1255,4.7244e-15,3.0531e-15,1.9429e-16,1.1677e-29,3.0531e-09,4.7126e-09,
3369,77.149,6.4285e-15,8.8818e-16,4.3299e-17,7.1375e-31,8.8818e-10,1.1209e-09,
3370,77.1711,6.1735e-15,1.7764e-15,9.4369e-17,2.949e-30,1.7764e-09,2.2791e-09,
3371,77.1937,3.8902e-15,1.7764e-15,1.0658e-16,3.9042e-30,1.7764e-09,2.6657e-09,
3372,77.2164,4.9323e-15,1.4433e-15,7.3275e-17,1.758e-30,1.4433e-09,1.7929e-09,
3373,77.2385,4.499e-15,3.3307e-15,1.843e-16,1.1665e-29,3.3307e-09,4.6088e-09,
3374,77.262,6.7979e-15,9.992e-16,4.5519e-17,7.3956e-31,9.992e-10,1.1531e-09,
3375,77.2841,6.5009e-15,1.8874e-15,1.0936e-16,4.202e-30,1.8874e-09,2.7213e-09,
3376,77.3068,4.2128e-15,1.6653e-15,6.8834e-17,1.9463e-30,1.6653e-09,1.8104e-09,
3377,77.3286,4.9359e-15,2.7756e-15,1.7764e-16,1.0716e-29,2.7756e-09,4.4583e-09,
3378,77.352,6.5234e-15,8.8818e-16,2.8866e-17,4.4258e-31,8.8818e-10,8.5532e-10,
3379,77.3731,5.9937e-15,1.9984e-15,1.2434e-16,4.804e-30,1.9984e-09,2.9844e-09,
3380,77.3966,3.9607e-15,2.2204e-16,1.1657e-17,5.277e-32,2.2204e-10,2.9647e-10,
3381,77.4179,3.5161e-15,1.8874e-15,9.3259e-17,3.5626e-30,1.8874e-09,2.5126e-09,
3382,77.4421,3.3211e-15,5.5511e-16,2.9976e-17,3.2394e-31,5.5511e-10,7.7971e-10,
3383,77.4635,3.6986e-15,3.2196e-15,1.4488e-16,8.231e-30,3.2196e-09,3.7102e-09,
3384,77.4869,5.52e-15,9.4369e-16,5.9952e-17,1.1602e-30,9.4369e-10,1.4615e-09,
3385,77.5096,5.253e-15,1.1102e-15,4.4409e-17,8.2122e-31,1.1102e-09,1.2024e-09,
3386,77.5313,2.5239e-15,1.8874e-15,1.1824e-16,4.4393e-30,1.8874e-09,2.9135e-09,
3387,77.5548,4.283e-15,6.6613e-16,1.8319e-17,2.2996e-31,6.6613e-10,6.0812e-10,
3388,77.5751,4.1246e-15,2.7756e-15,1.088e-16,5.0059e-30,2.7756e-09,2.3214e-09,
3389,77.598,5.2346e-15,1.6098e-15,1.1768e-16,3.7825e-30,1.6098e-09,2.4263e-09,
3390,77.6207,9.0998e-15,7.7716e-16,4.6629e-17,6.3363e-31,7.7716e-10,8.8906e-10,
3391,77.6428,5.206e-15,1.5543e-15,9.6589e-17,2.8735e-30,1.5543e-09,1.8466e-09,
3392,77.6657,5.4943e-15,1.1102e-15,8.0491e-17,1.6474e-30,1.1102e-09,1.6812e-09,
3393,77.6882,5.8607e-15,1.5543e-15,7.7161e-17,1.9849e-30,1.5543e-09,1.7891e-09,
3394,77.7112,4.3268e-15,1.3323e-15,6.7724e-17,1.5735e-30,1.3323e-09,1.6391e-09,
3395,77.7331,4.1862e-15,2.9976e-15,1.6098e-16,8.6162e-30,2.9976e-09,3.9124e-09,
3396,77.7572,6.2511e-15,7.7716e-16,4.774e-17,7.0142e-31,7.7716e-10,1.1602e-09,
3397,77.779,5.5441e-15,2.4425e-15,1.0991e-16,4.7983e-30,2.4425e-09,2.843e-09,
3398,77.8018,4.4995e-15,1.7208e-15,1.1324e-16,4.0152e-30,1.7208e-09,2.7472e-09,
3399,77.8242,5.6197e-15,1.9984e-15,7.9936e-17,2.6905e-30,1.9984e-09,2.1279e-09,
3400,77.8483,5.2715e-15,1.7208e-15,1.1102e-16,3.7968e-30,1.7208e-09,2.6952e-09,
3401,77.875,4.9146e-15,2.1094e-15,8.3267e-17,2.9182e-30,2.1094e-09,2.2437e-09,
3402,77.8979,5.0898e-15,1.4988e-15,1.0214e-16,3.2483e-30,1.4988e-09,2.4508e-09,
3403,77.9206,5.0232e-15,1.9984e-15,8.1046e-17,2.7841e-30,1.9984e-09,2.1776e-09,
3404,77.9434,4.8718e-15,1.3878e-15,9.4369e-17,2.721e-30,1.3878e-09,2.2655e-09,
3405,77.9663,4.7964e-15,1.6653e-15,7.6605e-17,2.1524e-30,1.6653e-09,1.9392e-09,
3406,77.9892,4.3358e-15,1.3323e-15,9.1038e-17,2.57e-30,1.3323e-09,2.1897e-09,
3407,78.0127,4.3071e-15,1.8874e-15,7.8826e-17,2.4821e-30,1.8874e-09,2.0661e-09,
3408,78.036,4.6086e-15,1.4988e-15,1.0658e-16,3.271e-30,1.4988e-09,2.516e-09,
3409,78.0587,4.692e-15,1.9984e-15,9.3259e-17,3.1019e-30,1.9984e-09,2.3365e-09,
3410,78.0816,4.872e-15,1.4988e-15,1.0214e-16,3.2159e-30,1.4988e-09,2.458e-09,
3411,78.1042,4.8741e-15,1.8874e-15,7.2164e-17,2.2653e-30,1.8874e-09,1.9591e-09,
3412,78.1258,4.8967e-15,3.1641e-15,2.0761e-16,1.3258e-29,3.1641e-09,5.0167e-09,
3413,78.1501,7.6712e-15,1.4433e-15,5.5511e-17,1.4283e-30,1.4433e-09,1.5328e-09,
3414,78.1719,7.1451e-15,2.1649e-15,1.4988e-16,7.1171e-30,2.1649e-09,3.644e-09,
3415,78.1954,5.7408e-15,1.1102e-15,4.7184e-17,8.8785e-31,1.1102e-09,1.25e-09,
3416,78.2171,5.3793e-15,1.7764e-15,1.0658e-16,3.7594e-30,1.7764e-09,2.6238e-09,
3417,78.2404,4.4034e-15,2.2204e-15,9.2149e-17,3.5437e-30,2.2204e-09,2.4285e-09,
3418,78.2632,5.7123e-15,1.8319e-15,1.1047e-16,4.0063e-30,1.8319e-09,2.7707e-09,
3419,78.2872,5.0841e-15,6.6613e-16,2.8866e-17,3.1007e-31,6.6613e-10,7.4803e-10,
3420,78.3083,3.6762e-15,2.5535e-15,1.5543e-16,7.4052e-30,2.5535e-09,3.7086e-09,
3421,78.3315,5.4066e-15,9.992e-16,5.3291e-17,1.0127e-30,9.992e-10,1.3478e-09,
3422,78.3541,5.4878e-15,1.9984e-15,9.6589e-17,3.3634e-30,1.9984e-09,2.4391e-09,
3423,78.3764,4.228e-15,1.9984e-15,1.1768e-16,4.7871e-30,1.9984e-09,2.9747e-09,
3424,78.4,5.5762e-15,5.5511e-16,2.3315e-17,2.1455e-31,5.5511e-10,5.9737e-10,
3425,78.4215,3.9871e-15,1.7764e-15,1.1768e-16,4.4712e-30,1.7764e-09,2.8904e-09,
3426,78.4449,3.6066e-15,5.5511e-16,3.3307e-17,3.9327e-31,5.5511e-10,8.5296e-10,
3427,78.4667,3.4585e-15,1.7764e-15,6.9944e-17,2.1062e-30,1.7764e-09,1.8738e-09,
3428,78.4885,3.2465e-15,2.7756e-15,1.8541e-16,1.1434e-29,2.7756e-09,4.6069e-09,
3429,78.5118,7.3654e-15,1.3323e-15,6.4948e-17,1.5411e-30,1.3323e-09,1.666e-09,
3430,78.5344,6.6771e-15,9.992e-16,6.2172e-17,1.2295e-30,9.992e-10,1.505e-09,
3431,78.5574,3.1951e-15,1.3323e-15,6.5503e-17,1.5823e-30,1.3323e-09,1.6592e-09,
3432,78.58,3.2671e-15,8.8818e-16,5.6066e-17,9.803e-31,8.8818e-10,1.3988e-09,
3433,78.6018,3.1601e-15,2.7756e-15,1.0825e-16,5.1033e-30,2.7756e-09,2.8857e-09,
3434,78.6242,5.1869e-15,2.0539e-15,1.3323e-16,5.7027e-30,2.0539e-09,3.2947e-09,
3435,78.649,6.5154e-15,9.992e-16,4.0523e-17,6.9064e-31,9.992e-10,1.0858e-09,
3436,78.6707,4.6861e-15,1.6098e-15,1.0936e-16,3.6442e-30,1.6098e-09,2.6518e-09,
3437,78.6942,4.0338e-15,2.1094e-15,8.7708e-17,3.1893e-30,2.1094e-09,2.3165e-09,
3438,78.7167,5.2458e-15,1.6098e-15,1.0436e-16,3.459e-30,1.6098e-09,2.5687e-09,
3439,78.7393,5.2304e-15,2.4425e-15,8.6597e-17,3.6269e-30,2.4425e-09,2.443e-09,
3440,78.7617,5.7513e-15,1.7764e-15,1.1324e-16,4.177e-30,1.7764e-09,2.7881e-09,
3441,78.7843,5.6379e-15,2.1094e-15,8.3267e-17,2.9679e-30,2.1094e-09,2.2575e-09,
3442,78.8069,5.1426e-15,1.4433e-15,9.77e-17,2.9798e-30,1.4433e-09,2.3666e-09,
3443,78.8301,4.9859e-15,1.8874e-15,7.7716e-17,2.4825e-30,1.8874e-09,2.0581e-09,
3444,78.8533,4.7391e-15,1.5543e-15,9.881e-17,3.1108e-30,1.5543e-09,2.3976e-09,
3445,78.8758,4.9709e-15,2.1094e-15,8.7708e-17,3.182e-30,2.1094e-09,2.3283e-09,
3446,78.8985,5.1758e-15,1.4988e-15,9.881e-17,3.0541e-30,1.4988e-09,2.3768e-09,
3447,78.921,4.9639e-15,1.7764e-15,8.8818e-17,2.7749e-30,1.7764e-09,2.2417e-09,
3448,78.9434,4.4989e-15,1.3323e-15,8.4377e-17,2.1817e-30,1.3323e-09,2.0061e-09,
3449,78.9665,4.4326e-15,1.7764e-15,7.5495e-17,2.2649e-30,1.7764e-09,1.9783e-09,
3450,78.9891,4.4722e-15,1.3878e-15,8.9373e-17,2.5149e-30,1.3878e-09,2.158e-09,
3451,79.0116,4.1992e-15,1.5543e-15,5.7732e-17,1.4934e-30,1.5543e-09,1.5915e-09,
3452,79.0336,4.0304e-15,2.5535e-15,1.6931e-16,8.5238e-30,2.5535e-09,4.0744e-09,
3453,79.0569,5.9987e-15,8.8818e-16,2.9976e-17,4.3603e-31,8.8818e-10,8.7573e-10,
3454,79.0778,5.606e-15,3.3307e-15,1.9873e-16,1.2651e-29,3.3307e-09,4.9366e-09,
3455,79.1016,6.4888e-15,8.8818e-16,3.2196e-17,4.653e-31,8.8818e-10,8.9629e-10,
3456,79.1228,6.4999e-15,3.0531e-15,1.9873e-16,1.214e-29,3.0531e-09,4.8098e-09,
3457,79.1461,6.5725e-15,1.3323e-15,5.3291e-17,1.1914e-30,1.3323e-09,1.4006e-09,
3458,79.1679,6.6449e-15,1.9984e-15,1.299e-16,5.6226e-30,1.9984e-09,3.2288e-09,
3459,79.1912,5.3024e-15,9.992e-16,4.6629e-17,8.2276e-31,9.992e-10,1.2002e-09,
3460,79.2138,4.874e-15,1.5543e-15,1.0159e-16,3.0834e-30,1.5543e-09,2.3875e-09,
3461,79.2373,3.9527e-15,2.1094e-15,8.2157e-17,2.9598e-30,2.1094e-09,2.226e-09,
3462,79.2603,5.3013e-15,1.4988e-15,9.881e-17,3.1712e-30,1.4988e-09,2.3976e-09,
3463,79.2829,4.8979e-15,1.7764e-15,6.3838e-17,1.9725e-30,1.7764e-09,1.811e-09,
3464,79.3047,4.5895e-15,2.9421e-15,1.8874e-16,1.1325e-29,2.9421e-09,4.6434e-09,
3465,79.3282,7.107e-15,1.2212e-15,5.5511e-17,1.2264e-30,1.2212e-09,1.4579e-09,
3466,79.3509,6.3617e-15,8.8818e-16,5.6066e-17,9.8954e-31,8.8818e-10,1.3514e-09,
3467,79.3732,2.9856e-15,2.6645e-15,1.0103e-16,4.6623e-30,2.6645e-09,2.784e-09,
3468,79.3957,5.0011e-15,2.1094e-15,1.3156e-16,5.6087e-30,2.1094e-09,3.2401e-09,
3469,79.4191,6.276e-15,6.6613e-16,2.8866e-17,3.2356e-31,6.6613e-10,7.477e-10,
3470,79.4402,4.3524e-15,2.2204e-15,1.4655e-16,6.5605e-30,2.2204e-09,3.5108e-09,
3471,79.4635,4.9003e-15,1.2212e-15,4.8295e-17,1.0342e-30,1.2212e-09,1.3227e-09,
3472,79.4851,5.4052e-15,2.1649e-15,1.4322e-16,6.4003e-30,2.1649e-09,3.4848e-09,
3473,79.5091,5.3112e-15,1.2212e-15,5.5511e-17,1.1802e-30,1.2212e-09,1.4325e-09,
3474,79.5309,5.1627e-15,2.2204e-15,1.2657e-16,5.0463e-30,2.2204e-09,3.044e-09,
3475,79.5535,5.1461e-15,2.4425e-15,1.3212e-16,5.8764e-30,2.4425e-09,3.2744e-09,
3476,79.577,6.5954e-15,5.5511e-16,3.3307e-17,3.563e-31,5.5511e-10,8.2291e-10,
3477,79.5986,3.9249e-15,9.992e-16,3.0531e-17,5.4119e-31,9.992e-10,9.5158e-10,
3478,79.6197,1.8754e-15,3.7192e-15,1.8874e-16,1.2532e-29,3.7192e-09,4.9451e-09,
3479,79.6435,6.0014e-15,8.8818e-16,1.9984e-17,3.9944e-31,8.8818e-10,7.9529e-10,
3480,79.6645,6.0624e-15,1.2212e-15,7.1054e-17,2.0476e-30,1.2212e-09,1.9486e-09,
3481,79.6869,2.6389e-15,6.1062e-16,2.6645e-17,2.8542e-31,6.1062e-10,6.3965e-10,
3482,79.707,2.807e-15,2.4425e-15,1.4211e-16,6.0736e-30,2.4425e-09,3.0426e-09,
3483,79.7295,5.3852e-15,2.1094e-15,1.3545e-16,5.5359e-30,2.1094e-09,3.1011e-09,
3484,79.7529,7.4607e-15,6.6613e-16,3.1086e-17,3.6053e-31,6.6613e-10,7.9244e-10,
3485,79.7744,4.4819e-15,3.1086e-15,1.6931e-16,1.0023e-29,3.1086e-09,4.2169e-09,
3486,79.7976,5.7911e-15,6.6613e-16,4.885e-17,6.9064e-31,6.6613e-10,1.1609e-09,
3487,79.8202,5.5553e-15,2.1094e-15,9.1038e-17,3.2279e-30,2.1094e-09,2.3453e-09,
3488,79.8429,3.7878e-15,1.7764e-15,1.0769e-16,3.6808e-30,1.7764e-09,2.5969e-09,
3489,79.8656,5.4196e-15,2.2204e-15,1.027e-16,3.9894e-30,2.2204e-09,2.639e-09,
3490,79.8881,5.5441e-15,1.7764e-15,8.8818e-17,2.6824e-30,1.7764e-09,2.2054e-09,
3491,79.9114,5.6481e-15,1.7764e-15,1.0991e-16,4.0244e-30,1.7764e-09,2.7287e-09,
3492,79.9339,4.889e-15,1.5543e-15,6.5503e-17,1.684e-30,1.5543e-09,1.7019e-09,
3493,79.9564,4.6135e-15,2.72e-15,1.7986e-16,1.1209e-29,2.72e-09,4.5199e-09,
3494,79.9798,6.4107e-15,5.5511e-16,2.0539e-17,1.8373e-31,5.5511e-10,5.5896e-10,
3495,80,5.6994e-15,1.3323e-15,9.2149e-17,2.615e-30,1.3323e-09,2.1598e-09,
3496,80.0227,2.8307e-15,8.8818e-16,3.1086e-17,4.653e-31,8.8818e-10,8.5489e-10,
3497,80.0441,3.4597e-15,1.9984e-15,1.1768e-16,3.9089e-30,1.9984e-09,2.6362e-09,
3498,80.0678,3.8057e-15,4.4409e-16,1.6098e-17,1.4059e-31,4.4409e-10,4.7696e-10,
3499,80.0878,3.5103e-15,2.3315e-15,1.1824e-16,5.6642e-30,2.3315e-09,3.0417e-09,
3500,80.112,4.3636e-15,1.6653e-15,9.2149e-17,2.9043e-30,1.6653e-09,2.3026e-09,
3501,80.1377,5.8753e-15,1.8874e-15,7.8826e-17,2.7106e-30,1.8874e-09,2.1433e-09,
3502,80.1604,4.8166e-15,1.5543e-15,9.5479e-17,3.0152e-30,1.5543e-09,2.3284e-09,
3503,80.1832,4.9044e-15,1.8874e-15,8.6597e-17,2.8307e-30,1.8874e-09,2.2447e-09,
3504,80.2062,4.8444e-15,1.5543e-15,9.0483e-17,2.5935e-30,1.5543e-09,2.1742e-09,
3505,80.229,4.8402e-15,1.9984e-15,9.77e-17,3.3931e-30,1.9984e-09,2.4509e-09,
3506,80.2525,4.9243e-15,1.5543e-15,8.5487e-17,2.3219e-30,1.5543e-09,2.0487e-09,
3507,80.2753,4.9318e-15,1.8874e-15,9.2704e-17,3.2544e-30,1.8874e-09,2.3649e-09,
3508,80.2977,4.8043e-15,1.2212e-15,7.5495e-17,1.8088e-30,1.2212e-09,1.8254e-09,
3509,80.3206,4.3315e-15,1.5543e-15,7.2164e-17,1.9013e-30,1.5543e-09,1.8452e-09,
3510,80.3432,3.8979e-15,1.1102e-15,7.5495e-17,1.7199e-30,1.1102e-09,1.8089e-09,
3511,80.3658,3.7708e-15,1.4433e-15,6.7724e-17,1.686e-30,1.4433e-09,1.6987e-09,
3512,80.389,3.6458e-15,1.2212e-15,7.494e-17,1.8354e-30,1.2212e-09,1.8553e-09,
3513,80.4123,3.8048e-15,1.6653e-15,7.1609e-17,1.9941e-30,1.6653e-09,1.8187e-09,
3514,80.4353,4.1144e-15,1.3323e-15,8.3822e-17,2.3901e-30,1.3323e-09,2.0694e-09,
3515,80.4578,4.3348e-15,1.5543e-15,8.5487e-17,2.6455e-30,1.5543e-09,2.1783e-09,
3516,80.4804,4.1191e-15,1.1102e-15,5.9397e-17,1.1036e-30,1.1102e-09,1.4335e-09,
3517,80.5022,3.7718e-15,2.6645e-15,1.4211e-16,6.8813e-30,2.6645e-09,3.5356e-09,
3518,80.526,5.3886e-15,7.7716e-16,3.8858e-17,5.5659e-31,7.7716e-10,9.9278e-10,
3519,80.5483,5.0127e-15,2.2204e-15,1.0658e-16,4.1631e-30,2.2204e-09,2.6793e-09,
3520,80.5709,4.2335e-15,1.6653e-15,9.3259e-17,2.8504e-30,1.6653e-09,2.2735e-09,
3521,80.5935,5.4281e-15,1.8874e-15,8.3267e-17,2.8107e-30,1.8874e-09,2.1763e-09,
3522,80.6161,5.0286e-15,1.2768e-15,8.7708e-17,2.3774e-30,1.2768e-09,2.1109e-09,
3523,80.6389,4.4179e-15,1.6653e-15,6.7168e-17,1.8739e-30,1.6653e-09,1.7761e-09,
3524,80.6606,4.252e-15,2.5535e-15,1.7764e-16,9.474e-30,2.5535e-09,4.2039e-09,
3525,80.6846,6.622e-15,9.992e-16,4.4409e-17,7.6421e-31,9.992e-10,1.1389e-09,
3526,80.7063,5.8813e-15,1.8874e-15,1.0325e-16,3.6023e-30,1.8874e-09,2.5584e-09,
3527,80.7293,4.3898e-15,1.9984e-15,1.0547e-16,3.9601e-30,1.9984e-09,2.6507e-09,
3528,80.7527,5.4491e-15,1.8874e-15,8.9373e-17,2.9817e-30,1.8874e-09,2.2863e-09,
3529,80.7762,5.3913e-15,1.7764e-15,9.7145e-17,3.3931e-30,1.7764e-09,2.4298e-09,
3530,80.7998,5.1198e-15,1.3323e-15,6.9389e-17,1.7337e-30,1.3323e-09,1.7588e-09,
3531,80.8235,4.3946e-15,1.4433e-15,7.605e-17,2.162e-30,1.4433e-09,1.9367e-09,
3532,80.8479,3.9195e-15,1.1102e-15,5.7732e-17,1.1698e-30,1.1102e-09,1.4197e-09,
3533,80.8707,3.528e-15,2.7756e-15,1.5432e-16,8.2846e-30,2.7756e-09,3.8606e-09,
3534,80.8956,5.6288e-15,7.7716e-16,4.6074e-17,6.891e-31,7.7716e-10,1.149e-09,
3535,80.9186,5.2781e-15,2.3315e-15,9.8255e-17,3.8522e-30,2.3315e-09,2.5353e-09,
3536,80.9425,4.3508e-15,1.6653e-15,1.0991e-16,4.1569e-30,1.6653e-09,2.7438e-09,
3537,80.9669,5.7775e-15,2.2204e-15,9.8255e-17,3.7274e-30,2.2204e-09,2.5352e-09,
3538,80.991,5.6255e-15,1.6653e-15,9.1593e-17,2.9494e-30,1.6653e-09,2.2773e-09,
3539,81.0151,5.5159e-15,1.8874e-15,9.5479e-17,3.3126e-30,1.8874e-09,2.4102e-09,
3540,81.0394,5.0522e-15,1.1102e-15,7.6605e-17,1.7102e-30,1.1102e-09,1.8134e-09,
3541,81.063,4.2292e-15,1.7764e-15,7.9936e-17,2.4683e-30,1.7764e-09,2.0728e-09,
3542,81.0877,4.0471e-15,1.3323e-15,8.1046e-17,2.0958e-30,1.3323e-09,1.9551e-09,
3543,81.112,4.3787e-15,1.2212e-15,6.7724e-17,1.5766e-30,1.2212e-09,1.689e-09,
3544,81.1361,3.6424e-15,1.2212e-15,5.3291e-17,1.097e-30,1.2212e-09,1.3804e-09,
3545,81.1591,3.4314e-15,2.1094e-15,1.2879e-16,5.673e-30,2.1094e-09,3.2207e-09,
3546,81.1852,4.9101e-15,4.4409e-16,2.2204e-17,2.0184e-31,4.4409e-10,5.8302e-10,
3547,81.2081,4.0854e-15,2.2204e-15,1.3323e-16,6.049e-30,2.2204e-09,3.2984e-09,
3548,81.2329,4.2076e-15,5.5511e-16,2.8866e-17,2.8042e-31,5.5511e-10,7.0871e-10,
3549,81.2552,4.3271e-15,2.7756e-15,1.5321e-16,8.0581e-30,2.7756e-09,3.8445e-09,
3550,81.2801,5.0792e-15,6.6613e-16,3.7748e-17,4.7147e-31,6.6613e-10,9.256e-10,
3551,81.3032,5.1589e-15,1.8874e-15,8.2157e-17,2.7595e-30,1.8874e-09,2.1579e-09,
3552,81.3282,3.5291e-15,1.2212e-15,8.2157e-17,2.1724e-30,1.2212e-09,2.0114e-09,
3553,81.3522,4.3386e-15,1.5543e-15,7.7161e-17,2.2237e-30,1.5543e-09,1.9783e-09,
3554,81.3763,3.9617e-15,1.2212e-15,6.2728e-17,1.4163e-30,1.2212e-09,1.5665e-09,
3555,81.3992,3.8847e-15,2.8866e-15,1.4044e-16,7.4468e-30,2.8866e-09,3.6139e-09,
3556,81.424,5.8488e-15,7.7716e-16,5.4401e-17,9.6296e-31,7.7716e-10,1.342e-09,
3557,81.4477,5.1822e-15,2.7756e-15,9.4369e-17,4.5128e-30,2.7756e-09,2.7067e-09,
3558,81.4722,4.9646e-15,2.0539e-15,1.2768e-16,5.4681e-30,2.0539e-09,3.2101e-09,
3559,81.4973,6.7493e-15,7.7716e-16,4.2188e-17,5.7662e-31,7.7716e-10,1.0225e-09,
3560,81.5202,4.2782e-15,1.4433e-15,7.8826e-17,1.9567e-30,1.4433e-09,1.9082e-09,
3561,81.5441,3.1624e-15,1.7764e-15,9.2149e-17,3.0368e-30,1.7764e-09,2.323e-09,
3562,81.569,4.4503e-15,1.1102e-15,6.9944e-17,1.4082e-30,1.1102e-09,1.6324e-09,
3563,81.5937,4.0145e-15,1.5543e-15,6.5503e-17,1.6994e-30,1.5543e-09,1.7086e-09,
3564,81.6176,3.7633e-15,2.5535e-15,1.7319e-16,9.38e-30,2.5535e-09,4.1924e-09,
3565,81.6422,6.4188e-15,1.3323e-15,6.9944e-17,1.7903e-30,1.3323e-09,1.7593e-09,
3566,81.6664,5.9374e-15,9.992e-16,5.6621e-17,1.025e-30,9.992e-10,1.3481e-09,
3567,81.6903,3.2424e-15,2.4425e-15,1.41e-16,6.616e-30,2.4425e-09,3.49e-09,
3568,81.7149,4.9842e-15,7.7716e-16,3.3307e-17,4.2101e-31,7.7716e-10,8.493e-10,
3569,81.7371,4.9048e-15,2.498e-15,1.6986e-16,9.5838e-30,2.498e-09,4.2063e-09,
3570,81.7623,5.3441e-15,6.6613e-16,2.387e-17,2.9005e-31,6.6613e-10,6.9482e-10,
3571,81.7846,5.3215e-15,2.1094e-15,1.0658e-16,4.18e-30,2.1094e-09,2.7334e-09,
3572,81.8102,3.6916e-15,4.4409e-16,2.0539e-17,1.9606e-31,4.4409e-10,5.384e-10,
3573,81.8315,3.4585e-15,4.1078e-15,2.0761e-16,1.4591e-29,4.1078e-09,5.1201e-09,
3574,81.8565,6.7831e-15,1.2212e-15,7.494e-17,1.8031e-30,1.2212e-09,1.8395e-09,
3575,81.8805,7.5331e-15,1.5543e-15,7.494e-17,2.0157e-30,1.5543e-09,1.8922e-09,
3576,81.9056,3.9065e-15,1.1102e-15,6.3283e-17,1.3316e-30,1.1102e-09,1.5611e-09,
3577,81.9295,3.6914e-15,2.9976e-15,1.4433e-16,7.7808e-30,2.9976e-09,3.681e-09,
3578,81.9544,5.7426e-15,1.1102e-15,5.3291e-17,1.0292e-30,1.1102e-09,1.3479e-09,
3579,81.9776,5.7728e-15,2.5535e-15,1.2546e-16,5.7689e-30,2.5535e-09,3.1781e-09,
3580,82.0026,5.1616e-15,6.1062e-16,3.9968e-17,4.5914e-31,6.1062e-10,9.3573e-10,
3581,82.0255,4.1343e-15,1.3323e-15,5.7176e-17,1.2114e-30,1.3323e-09,1.4449e-09,
3582,82.0499,2.5766e-15,2.387e-15,1.5876e-16,7.0042e-30,2.387e-09,3.6761e-09,
3583,82.0749,5.7058e-15,1.1102e-15,5.107e-17,9.5834e-31,1.1102e-09,1.2686e-09,
3584,82.0979,5.0143e-15,1.7764e-15,1.0991e-16,4.1338e-30,1.7764e-09,2.7534e-09,
3585,82.1218,4.5092e-15,2.4425e-15,1.0325e-16,4.3653e-30,2.4425e-09,2.7339e-09,
3586,82.1457,5.9898e-15,1.6653e-15,1.088e-16,3.7244e-30,1.6653e-09,2.6573e-09,
3587,82.1716,5.5391e-15,1.9984e-15,8.7708e-17,2.9521e-30,1.9984e-09,2.2796e-09,
3588,82.1959,5.1089e-15,1.4433e-15,9.4369e-17,2.8211e-30,1.4433e-09,2.2871e-09,
3589,82.2198,4.9031e-15,1.9984e-15,8.8818e-17,2.9941e-30,1.9984e-09,2.3026e-09,
3590,82.2437,4.916e-15,1.7764e-15,9.1593e-17,2.8554e-30,1.7764e-09,2.2603e-09,
3591,82.2676,5.3337e-15,1.7764e-15,9.1038e-17,3.0048e-30,1.7764e-09,2.3033e-09,
3592,82.2924,4.9247e-15,1.3323e-15,7.1054e-17,1.6178e-30,1.3323e-09,1.705e-09,
3593,82.3154,4.3847e-15,3.1086e-15,1.7542e-16,1.0434e-29,3.1086e-09,4.3403e-09,
3594,82.3405,6.4536e-15,6.6613e-16,4.4409e-17,6.1476e-31,6.6613e-10,1.0387e-09,
3595,82.3637,5.6711e-15,1.7764e-15,8.8818e-17,2.7133e-30,1.7764e-09,2.2183e-09,
3596,82.3876,3.5036e-15,1.1102e-15,7.605e-17,1.7306e-30,1.1102e-09,1.7947e-09,
3597,82.4123,4.1388e-15,1.4433e-15,6.3838e-17,1.5935e-30,1.4433e-09,1.6789e-09,
3598,82.4362,3.6522e-15,1.1657e-15,7.494e-17,1.8077e-30,1.1657e-09,1.8347e-09,
3599,82.4604,3.6641e-15,1.5543e-15,5.6066e-17,1.4518e-30,1.5543e-09,1.571e-09,
3600,82.4851,3.9413e-15,2.5535e-15,1.6209e-16,8.3678e-30,2.5535e-09,3.9605e-09,
3601,82.5133,6.013e-15,1.1102e-15,4.8295e-17,9.464e-31,1.1102e-09,1.2753e-09,
3602,82.5376,5.4129e-15,1.7764e-15,1.1768e-16,4.4882e-30,1.7764e-09,2.8572e-09,
3603,82.5617,4.5486e-15,2.4425e-15,1.0769e-16,4.5868e-30,2.4425e-09,2.8015e-09,
3604,82.586,6.0332e-15,1.6653e-15,1.0547e-16,3.8195e-30,1.6653e-09,2.5963e-09,
3605,82.6101,5.7575e-15,2.4425e-15,1.088e-16,4.7147e-30,2.4425e-09,2.8528e-09,
3606,82.6344,5.7844e-15,1.8874e-15,1.199e-16,4.5687e-30,1.8874e-09,2.9126e-09,
3607,82.6592,6.1036e-15,2.2204e-15,1.0769e-16,4.2806e-30,2.2204e-09,2.7455e-09,
3608,82.683,5.8177e-15,2.1094e-15,1.0436e-16,3.8796e-30,2.1094e-09,2.6245e-09,
3609,82.7071,6.0122e-15,2.1094e-15,1.1768e-16,4.841e-30,2.1094e-09,2.9504e-09,
3610,82.7319,5.8409e-15,4.4409e-16,2.5535e-17,2.0646e-31,4.4409e-10,6.3633e-10,
3611,82.7552,3.9389e-15,2.5535e-15,1.1768e-16,5.294e-30,2.5535e-09,3.0153e-09,
3612,82.7806,4.4141e-15,1.9984e-15,1.1102e-16,4.0414e-30,1.9984e-09,2.7262e-09,
3613,82.8043,6.448e-15,2.2204e-15,1.1213e-16,4.6103e-30,2.2204e-09,2.8401e-09,
3614,82.8285,5.975e-15,1.6653e-15,9.6589e-17,3.1539e-30,1.6653e-09,2.3956e-09,
3615,82.8523,5.496e-15,1.7764e-15,9.5479e-17,3.2448e-30,1.7764e-09,2.399e-09,
3616,82.8763,4.8712e-15,1.4433e-15,6.7724e-17,1.6794e-30,1.4433e-09,1.7353e-09,
3617,82.9001,4.4899e-15,3.3307e-15,1.7319e-16,1.0448e-29,3.3307e-09,4.2952e-09,
3618,82.9252,6.8497e-15,8.8818e-16,5.3291e-17,9.3369e-31,8.8818e-10,1.3076e-09,
3619,82.9486,6.0995e-15,2.3315e-15,9.9365e-17,4.0787e-30,2.3315e-09,2.6435e-09,
3620,82.9724,4.386e-15,1.6653e-15,1.0991e-16,3.8522e-30,1.6653e-09,2.667e-09,
3621,82.9961,5.6344e-15,2.2204e-15,9.1593e-17,3.5919e-30,2.2204e-09,2.4545e-09,
3622,83.0211,5.6267e-15,1.6653e-15,9.9365e-17,3.1836e-30,1.6653e-09,2.4091e-09,
3623,83.045,5.569e-15,1.9984e-15,8.8818e-17,3.1354e-30,1.9984e-09,2.3055e-09,
3624,83.0693,5.1826e-15,1.3323e-15,8.6597e-17,2.3496e-30,1.3323e-09,2.1129e-09,
3625,83.0933,4.7853e-15,1.7764e-15,7.4385e-17,2.4051e-30,1.7764e-09,1.9855e-09,
3626,83.1171,4.5268e-15,1.2768e-15,8.6042e-17,2.4163e-30,1.2768e-09,2.0982e-09,
3627,83.1422,4.3342e-15,1.4433e-15,5.8842e-17,1.4745e-30,1.4433e-09,1.5824e-09,
3628,83.1651,3.9716e-15,2.3315e-15,1.5099e-16,7.3389e-30,2.3315e-09,3.7171e-09,
3629,83.19,5.9503e-15,1.2212e-15,5.7732e-17,1.2727e-30,1.2212e-09,1.4893e-09,
3630,83.2144,5.5648e-15,8.8818e-16,5.7732e-17,9.9725e-31,8.8818e-10,1.3653e-09,
3631,83.2377,2.8761e-15,2.6645e-15,1.3101e-16,6.22e-30,2.6645e-09,3.3372e-09,
3632,83.2633,5.0276e-15,5.5511e-16,3.9968e-17,4.5144e-31,5.5511e-10,9.4576e-10,
3633,83.2865,4.6211e-15,1.6653e-15,7.605e-17,2.1127e-30,1.6653e-09,1.9217e-09,
3634,83.3108,3.0585e-15,1.3323e-15,8.6597e-17,2.3469e-30,1.3323e-09,2.0798e-09,
3635,83.335,4.2951e-15,1.6653e-15,7.1054e-17,2.0465e-30,1.6653e-09,1.8528e-09,
3636,83.3604,4.342e-15,1.2212e-15,7.4385e-17,1.7534e-30,1.2212e-09,1.7981e-09,
3637,83.385,3.6648e-15,1.3323e-15,4.3299e-17,9.9378e-31,1.3323e-09,1.2838e-09,
3638,83.4074,3.3711e-15,1.6098e-15,1.2046e-16,4.0556e-30,1.6098e-09,2.5216e-09,
3639,83.4314,4.1783e-15,1.9984e-15,9.4369e-17,3.006e-30,1.9984e-09,2.1187e-09,
3640,83.4553,6.2998e-15,1.4433e-15,8.3267e-17,2.2668e-30,1.4433e-09,1.96e-09,
3641,83.4792,5.2806e-15,1.6653e-15,8.3267e-17,2.4024e-30,1.6653e-09,2.0677e-09,
3642,83.5048,4.4306e-15,1.3323e-15,7.4385e-17,1.7842e-30,1.3323e-09,1.822e-09,
3643,83.5289,4.1267e-15,1.5543e-15,7.1609e-17,1.9109e-30,1.5543e-09,1.8441e-09,
3644,83.5528,3.998e-15,1.4433e-15,6.6058e-17,1.6752e-30,1.4433e-09,1.709e-09,
3645,83.5759,4.2177e-15,3.2196e-15,1.6653e-16,9.6219e-30,3.2196e-09,4.1178e-09,
3646,83.6008,6.5925e-15,6.6613e-16,4.2188e-17,5.5159e-31,6.6613e-10,1.0085e-09,
3647,83.6246,5.6917e-15,1.9984e-15,8.5487e-17,2.897e-30,1.9984e-09,2.2341e-09,
3648,83.649,3.742e-15,1.4433e-15,9.77e-17,2.9798e-30,1.4433e-09,2.3666e-09,
3649,83.6729,4.7567e-15,1.9984e-15,8.8818e-17,3.1277e-30,1.9984e-09,2.3221e-09,
3650,83.6969,4.6797e-15,1.4433e-15,8.8263e-17,2.5318e-30,1.4433e-09,2.1557e-09,
3651,83.721,4.7919e-15,1.4433e-15,8.1046e-17,2.2957e-30,1.4433e-09,2.0106e-09,
3652,83.7458,4.1726e-15,9.992e-16,6.6613e-17,1.347e-30,9.992e-10,1.5887e-09,
3653,83.7696,3.5449e-15,1.3323e-15,5.7732e-17,1.3559e-30,1.3323e-09,1.5261e-09,
3654,83.7932,3.3765e-15,2.4425e-15,1.4377e-16,6.886e-30,2.4425e-09,3.5445e-09,
3655,83.8179,5.7499e-15,1.2212e-15,4.3854e-17,9.2945e-31,1.2212e-09,1.2427e-09,
3656,83.8409,5.7915e-15,1.9429e-15,1.2712e-16,5.1295e-30,1.9429e-09,3.1053e-09,
3657,83.8665,5.0214e-15,8.8818e-16,3.3307e-17,4.9458e-31,8.8818e-10,9.2529e-10,
3658,83.8887,4.6567e-15,2.9976e-15,2.0095e-16,1.3283e-29,2.9976e-09,4.9677e-09,
3659,83.9137,7.125e-15,1.5543e-15,6.7168e-17,1.8447e-30,1.5543e-09,1.7624e-09,
3660,83.9385,7.5135e-15,1.1657e-15,7.6605e-17,1.8231e-30,1.1657e-09,1.8624e-09,
3661,83.9628,3.6455e-15,1.5543e-15,5.9952e-17,1.5962e-30,1.5543e-09,1.6298e-09,
3662,83.9865,3.6816e-15,2.387e-15,1.5932e-16,8.2172e-30,2.387e-09,3.9103e-09,
3663,84.0117,6.2634e-15,9.992e-16,6.1062e-17,1.3851e-30,9.992e-10,1.5245e-09,
3664,84.0357,5.4242e-15,7.7716e-16,3.6637e-17,4.8726e-31,7.7716e-10,9.2723e-10,
3665,84.0578,2.63e-15,3.4417e-15,1.9762e-16,1.3303e-29,3.4417e-09,4.8735e-09,
3666,84.083,6.578e-15,8.8818e-16,4.2188e-17,6.3941e-31,8.8818e-10,1.044e-09,
3667,84.107,6.6732e-15,1.9984e-15,1.088e-16,4.3068e-30,1.9984e-09,2.7721e-09,
3668,84.1311,4.1692e-15,1.8874e-15,7.9936e-17,2.4563e-30,1.8874e-09,2.0766e-09,
3669,84.1543,5.3458e-15,3.3307e-15,2.065e-16,1.4474e-29,3.3307e-09,5.1299e-09,
3670,84.1792,7.5999e-15,9.992e-16,4.996e-17,8.3816e-31,9.992e-10,1.2466e-09,
3671,84.2024,6.6537e-15,2.5535e-15,1.1546e-16,5.2354e-30,2.5535e-09,3.0095e-09,
3672,84.2274,4.9779e-15,1.7764e-15,1.1102e-16,3.9678e-30,1.7764e-09,2.6968e-09,
3673,84.2512,6.0616e-15,2.1094e-15,1.1269e-16,4.5302e-30,2.1094e-09,2.8342e-09,
3674,84.2753,5.464e-15,1.4433e-15,7.7716e-17,2.06e-30,1.4433e-09,1.9032e-09,
3675,84.2993,4.9533e-15,1.7764e-15,8.5487e-17,2.8273e-30,1.7764e-09,2.1687e-09,
3676,84.3232,4.4302e-15,1.4433e-15,7.1609e-17,1.7414e-30,1.4433e-09,1.7793e-09,
3677,84.3471,4.4189e-15,3.2196e-15,1.7431e-16,1.0993e-29,3.2196e-09,4.4332e-09,
3678,84.3723,6.6492e-15,9.992e-16,4.8295e-17,8.2622e-31,9.992e-10,1.2071e-09,
3679,84.3959,6.1754e-15,2.5535e-15,1.299e-16,5.9627e-30,2.5535e-09,3.2545e-09,
3680,84.4205,5.0238e-15,8.8818e-16,4.4409e-17,6.891e-31,8.8818e-10,1.1211e-09,
3681,84.4437,4.9312e-15,2.1094e-15,1.1324e-16,4.6299e-30,2.1094e-09,2.8394e-09,
3682,84.4687,4.2978e-15,1.6653e-15,8.2157e-17,2.3038e-30,1.6653e-09,2.0274e-09,
3683,84.4928,5.2424e-15,1.7764e-15,1.0103e-16,3.4359e-30,1.7764e-09,2.5147e-09,
3684,84.517,4.7806e-15,1.4433e-15,7.4385e-17,1.8319e-30,1.4433e-09,1.8098e-09,
3685,84.5413,4.512e-15,1.6653e-15,7.7716e-17,2.2356e-30,1.6653e-09,1.9964e-09,
3686,84.5656,4.3558e-15,1.3323e-15,7.2164e-17,1.7395e-30,1.3323e-09,1.7707e-09,
3687,84.5905,4.1973e-15,1.6653e-15,7.605e-17,2.2992e-30,1.6653e-09,1.9425e-09,
3688,84.6143,4.1907e-15,1.3323e-15,6.9944e-17,1.763e-30,1.3323e-09,1.7699e-09,
3689,84.6383,4.178e-15,1.5543e-15,6.2728e-17,1.6551e-30,1.5543e-09,1.6645e-09,
3690,84.6616,4.0239e-15,2.4425e-15,1.5987e-16,8.6424e-30,2.4425e-09,3.9913e-09,
3691,84.6867,6.348e-15,9.992e-16,5.218e-17,9.5372e-31,9.992e-10,1.3026e-09,
3692,84.7104,5.7e-15,1.8874e-15,9.6034e-17,3.1065e-30,1.8874e-09,2.3776e-09,
3693,84.7343,4.213e-15,2.1094e-15,1.1102e-16,4.4516e-30,2.1094e-09,2.8019e-09,
3694,84.7583,5.5028e-15,1.7764e-15,7.5495e-17,2.2464e-30,1.7764e-09,1.9663e-09,
3695,84.7817,5.3343e-15,2.9976e-15,1.9595e-16,1.3272e-29,2.9976e-09,4.9064e-09,
3696,84.8068,7.0774e-15,7.7716e-16,3.4972e-17,4.4104e-31,7.7716e-10,8.7812e-10,
3697,84.8306,6.2752e-15,2.9976e-15,1.8929e-16,1.2024e-29,2.9976e-09,4.6973e-09,
3698,84.8554,6.1424e-15,6.6613e-16,3.6082e-17,4.5028e-31,6.6613e-10,8.9821e-10,
3699,84.8788,5.8563e-15,1.8874e-15,8.5487e-17,2.949e-30,1.8874e-09,2.2384e-09,
3700,84.9033,3.5667e-15,1.3323e-15,8.6597e-17,2.3496e-30,1.3323e-09,2.1129e-09,
3701,84.9302,4.4873e-15,1.8874e-15,7.9936e-17,2.6166e-30,1.8874e-09,2.118e-09,
3702,84.9543,4.4896e-15,1.7764e-15,7.9381e-17,2.4116e-30,1.7764e-09,2.0469e-09,
3703,84.9797,5.008e-15,1.6653e-15,1.0103e-16,3.479e-30,1.6653e-09,2.5417e-09,
3704,85.0039,4.6979e-15,1.4433e-15,6.2728e-17,1.5026e-30,1.4433e-09,1.6152e-09,
3705,85.0274,4.3328e-15,2.6645e-15,1.5987e-16,8.6902e-30,2.6645e-09,3.9983e-09,
3706,85.0523,5.9489e-15,7.7716e-16,2.9976e-17,3.9443e-31,7.7716e-10,8.039e-10,
3707,85.0747,5.3627e-15,2.498e-15,1.5654e-16,8.097e-30,2.498e-09,3.9215e-09,
3708,85.1033,4.8174e-15,4.4409e-16,9.992e-18,1.0015e-31,4.4409e-10,4.0538e-10,
3709,85.1257,4.8554e-15,1.7208e-15,9.6589e-17,3.0984e-30,1.7208e-09,2.4379e-09,
3710,85.1501,2.8202e-15,2.2204e-16,1.2212e-17,5.3926e-32,2.2204e-10,2.7463e-10,
3711,85.1718,2.8425e-15,1.3878e-15,6.6613e-17,1.6455e-30,1.3878e-09,1.453e-09,
3712,85.1966,3.4251e-15,7.7716e-16,4.5519e-17,6.1168e-31,7.7716e-10,9.5261e-10,
3713,85.2208,4.4394e-15,1.4988e-15,8.4377e-17,2.2776e-30,1.4988e-09,1.7521e-09,
3714,85.2448,4.8517e-15,8.3267e-16,5.9952e-17,1.0138e-30,8.3267e-10,1.2832e-09,
3715,85.2682,5.0262e-15,1.6653e-15,1.3378e-16,4.7875e-30,1.6653e-09,2.868e-09,
3716,85.2923,5.7512e-15,1.6653e-15,9.992e-17,2.9428e-30,1.6653e-09,2.2903e-09,
3717,85.316,6.1587e-15,1.3878e-15,9.8255e-17,2.6736e-30,1.3878e-09,2.2715e-09,
3718,85.3409,4.8609e-15,1.8874e-15,8.7708e-17,2.7861e-30,1.8874e-09,2.2042e-09,
3719,85.365,4.6619e-15,1.5543e-15,9.6034e-17,2.9509e-30,1.5543e-09,2.3564e-09,
3720,85.3889,4.8447e-15,1.9984e-15,8.8263e-17,3.1173e-30,1.9984e-09,2.3177e-09,
3721,85.4129,4.9318e-15,1.7764e-15,1.0769e-16,3.972e-30,1.7764e-09,2.6724e-09,
3722,85.4368,5.3037e-15,2.1094e-15,1.0436e-16,4.0583e-30,2.1094e-09,2.6713e-09,
3723,85.4617,5.3613e-15,1.7764e-15,8.5487e-17,2.729e-30,1.7764e-09,2.163e-09,
3724,85.4857,5.3093e-15,1.4988e-15,9.4369e-17,3.1913e-30,1.4988e-09,2.3902e-09,
3725,85.51,4.4538e-15,1.1102e-15,5.3291e-17,9.8916e-31,1.1102e-09,1.32e-09,
3726,85.5331,3.7687e-15,2.3315e-15,1.299e-16,5.7119e-30,2.3315e-09,3.2299e-09,
3727,85.5578,4.997e-15,7.7716e-16,4.1078e-17,5.901e-31,7.7716e-10,1.0194e-09,
3728,85.5819,4.5428e-15,1.6653e-15,9.4369e-17,3.0665e-30,1.6653e-09,2.3463e-09,
3729,85.6058,3.5233e-15,1.4433e-15,6.2172e-17,1.5808e-30,1.4433e-09,1.6133e-09,
3730,85.6289,4.3022e-15,2.3315e-15,1.5654e-16,8.2923e-30,2.3315e-09,3.9418e-09,
3731,85.6537,5.5827e-15,6.6613e-16,3.2752e-17,3.9482e-31,6.6613e-10,8.3494e-10,
3732,85.6768,4.864e-15,1.6653e-15,8.4377e-17,2.5761e-30,1.6653e-09,2.1245e-09,
3733,85.7017,3.2925e-15,1.4433e-15,7.3275e-17,1.9217e-30,1.4433e-09,1.8335e-09,
3734,85.7262,4.2943e-15,1.5543e-15,8.6597e-17,2.61e-30,1.5543e-09,2.1564e-09,
3735,85.7506,4.1543e-15,1.1102e-15,5.3291e-17,9.7683e-31,1.1102e-09,1.3145e-09,
3736,85.7737,3.814e-15,2.1094e-15,1.4211e-16,6.6529e-30,2.1094e-09,3.5106e-09,
3737,85.7984,4.9202e-15,6.6613e-16,2.6645e-17,2.9467e-31,6.6613e-10,7.1176e-10,
3738,85.8214,4.5213e-15,2.1649e-15,1.41e-16,6.5173e-30,2.1649e-09,3.4993e-09,
3739,85.8461,4.4667e-15,4.4409e-16,1.1102e-17,1.0169e-31,4.4409e-10,4.0232e-10,
3740,85.8681,4.4758e-15,1.9984e-15,7.8271e-17,2.7691e-30,1.9984e-09,2.3002e-09,
3741,85.8919,2.7932e-15,7.2164e-16,4.1078e-17,5.9203e-31,7.2164e-10,9.6553e-10,
3742,85.9151,3.2838e-15,1.2212e-15,6.4393e-17,1.4391e-30,1.2212e-09,1.6635e-09,
3743,85.9408,2.6421e-15,1.3323e-15,4.7184e-17,1.0604e-30,1.3323e-09,1.3367e-09,
3744,85.9642,3.1316e-15,2.1094e-15,1.41e-16,6.3128e-30,2.1094e-09,3.4745e-09,
3745,85.9897,5.5591e-15,9.992e-16,4.7184e-17,8.0311e-31,9.992e-10,1.1879e-09,
3746,86.0121,5.0116e-15,1.7764e-15,1.0214e-16,3.3557e-30,1.7764e-09,2.4724e-09,
3747,86.0342,4.1689e-15,2.3315e-15,1.0991e-16,4.6176e-30,2.3315e-09,2.8368e-09,
3748,86.0573,5.6616e-15,1.7764e-15,9.8255e-17,3.1928e-30,1.7764e-09,2.404e-09,
3749,86.0792,5.6683e-15,2.1094e-15,1.0436e-16,4.0522e-30,2.1094e-09,2.669e-09,
3750,86.1018,5.3946e-15,1.5543e-15,9.6034e-17,2.8338e-30,1.5543e-09,2.3132e-09,
3751,86.1246,5.1391e-15,1.9984e-15,8.6597e-17,2.954e-30,1.9984e-09,2.2575e-09,
3752,86.1472,4.9769e-15,1.4433e-15,9.4369e-17,2.7333e-30,1.4433e-09,2.2795e-09,
3753,86.1689,4.8779e-15,1.9984e-15,8.7708e-17,3.0141e-30,1.9984e-09,2.2835e-09,
3754,86.1923,4.8529e-15,1.5543e-15,9.1593e-17,2.8153e-30,1.5543e-09,2.2392e-09,
3755,86.2144,4.9159e-15,1.9984e-15,9.3259e-17,3.3176e-30,1.9984e-09,2.3864e-09,
3756,86.2367,4.931e-15,1.4433e-15,9.4369e-17,2.9105e-30,1.4433e-09,2.3242e-09,
3757,86.2589,4.8e-15,1.6653e-15,7.7716e-17,2.3238e-30,1.6653e-09,2.015e-09,
3758,86.2814,4.3886e-15,1.4433e-15,7.1054e-17,1.7626e-30,1.4433e-09,1.767e-09,
3759,86.3053,4.3439e-15,1.5543e-15,8.3267e-17,2.4733e-30,1.5543e-09,2.1043e-09,
3760,86.3287,4.1617e-15,1.3323e-15,5.7176e-17,1.2761e-30,1.3323e-09,1.4848e-09,
3761,86.3501,3.9952e-15,2.4425e-15,1.4544e-16,7.1891e-30,2.4425e-09,3.5614e-09,
3762,86.3743,5.4903e-15,7.7716e-16,2.4425e-17,3.3588e-31,7.7716e-10,7.3966e-10,
3763,86.3951,5.0694e-15,1.3323e-15,8.5487e-17,2.1463e-30,1.3323e-09,1.9827e-09,
3764,86.4177,2.7308e-15,6.6613e-16,3.3307e-17,4.0984e-31,6.6613e-10,8.2522e-10,
3765,86.4384,2.7747e-15,2.6645e-15,1.3822e-16,7.7026e-30,2.6645e-09,3.6893e-09,
3766,86.4617,5.0328e-15,6.6613e-16,3.2196e-17,3.7594e-31,6.6613e-10,8.0947e-10,
3767,86.4832,5.2861e-15,2.8866e-15,1.5377e-16,8.2726e-30,2.8866e-09,3.8267e-09,
3768,86.506,5.3715e-15,6.6613e-16,4.2188e-17,6.3055e-31,6.6613e-10,1.0179e-09,
3769,86.5275,5.2363e-15,1.9984e-15,9.1038e-17,3.0414e-30,1.9984e-09,2.3037e-09,
3770,86.5507,3.7602e-15,1.4433e-15,9.881e-17,3.0553e-30,1.4433e-09,2.3867e-09,
3771,86.5728,4.8729e-15,2.1094e-15,8.5487e-17,3.12e-30,2.1094e-09,2.3001e-09,
3772,86.5951,4.9992e-15,1.4433e-15,9.2149e-17,2.7379e-30,1.4433e-09,2.2488e-09,
3773,86.6171,4.9712e-15,1.9984e-15,8.3822e-17,2.9078e-30,1.9984e-09,2.2267e-09,
3774,86.6394,4.8019e-15,1.4433e-15,9.4924e-17,2.9602e-30,1.4433e-09,2.3127e-09,
3775,86.6625,4.8409e-15,1.9984e-15,9.6034e-17,3.2621e-30,1.9984e-09,2.439e-09,
3776,86.6847,4.799e-15,1.4433e-15,8.1601e-17,2.1451e-30,1.4433e-09,1.9729e-09,
3777,86.7069,4.761e-15,1.4433e-15,8.8818e-17,2.5596e-30,1.4433e-09,2.1973e-09,
3778,86.7309,4.1255e-15,1.2212e-15,5.3291e-17,1.0878e-30,1.2212e-09,1.3717e-09,
3779,86.7524,3.8519e-15,1.9984e-15,1.2879e-16,5.527e-30,1.9984e-09,3.2338e-09,
3780,86.7762,4.6156e-15,4.996e-16,3.2196e-17,2.9428e-31,4.996e-10,7.4674e-10,
3781,86.7978,3.6839e-15,1.1102e-15,5.6066e-17,1.0681e-30,1.1102e-09,1.3788e-09,
3782,86.8192,2.3136e-15,1.9984e-15,1.2546e-16,4.7197e-30,1.9984e-09,2.9382e-09,
3783,86.8426,4.8923e-15,2.2204e-15,1.1602e-16,4.6334e-30,2.2204e-09,2.8766e-09,
3784,86.8649,5.9703e-15,1.8874e-15,9.992e-17,3.2047e-30,1.8874e-09,2.4479e-09,
3785,86.8871,5.6917e-15,2.1094e-15,1.1158e-16,4.5363e-30,2.1094e-09,2.8177e-09,
3786,86.911,5.4663e-15,1.8874e-15,9.2149e-17,3.0464e-30,1.8874e-09,2.3364e-09,
3787,86.9341,5.4434e-15,1.7764e-15,9.881e-17,3.553e-30,1.7764e-09,2.4995e-09,
3788,86.9563,4.9999e-15,1.3323e-15,6.3283e-17,1.4364e-30,1.3323e-09,1.5945e-09,
3789,86.978,4.3137e-15,2.4425e-15,1.4988e-16,7.7823e-30,2.4425e-09,3.7655e-09,
3790,87.001,5.5387e-15,5.5511e-16,2.4425e-17,2.4382e-31,5.5511e-10,6.4555e-10,
3791,87.0224,4.8861e-15,2.2204e-15,1.2434e-16,5.3525e-30,2.2204e-09,3.0779e-09,
3792,87.0453,4.2654e-15,3.8858e-16,2.609e-17,1.6987e-31,3.8858e-10,6.2516e-10,
3793,87.066,3.9805e-15,2.2204e-15,8.0491e-17,3.0526e-30,2.2204e-09,2.2634e-09,
3794,87.0893,3.5604e-15,1.7208e-15,1.0825e-16,3.7783e-30,1.7208e-09,2.6784e-09,
3795,87.1115,5.2749e-15,2.2204e-15,8.5487e-17,3.2463e-30,2.2204e-09,2.327e-09,
3796,87.1338,5.173e-15,1.5543e-15,9.5479e-17,2.9921e-30,1.5543e-09,2.3417e-09,
3797,87.156,5.3272e-15,2.3315e-15,9.3814e-17,3.88e-30,2.3315e-09,2.5454e-09,
3798,87.1784,5.4727e-15,1.6653e-15,1.0436e-16,3.5915e-30,1.6653e-09,2.546e-09,
3799,87.2017,5.6716e-15,2.2204e-15,8.6597e-17,3.3943e-30,2.2204e-09,2.3746e-09,
3800,87.2262,5.4852e-15,1.4988e-15,9.77e-17,3.1462e-30,1.4988e-09,2.3713e-09,
3801,87.2518,5.0813e-15,1.8874e-15,7.7716e-17,2.5607e-30,1.8874e-09,2.0878e-09,
3802,87.2749,4.6668e-15,1.5543e-15,9.5479e-17,3.1046e-30,1.5543e-09,2.3581e-09,
3803,87.2973,4.8551e-15,1.8874e-15,8.2157e-17,2.781e-30,1.8874e-09,2.1661e-09,
3804,87.3203,4.8103e-15,1.3323e-15,8.5487e-17,2.4841e-30,1.3323e-09,2.1079e-09,
3805,87.3434,4.4886e-15,1.5543e-15,8.5487e-17,2.5807e-30,1.5543e-09,2.1432e-09,
3806,87.3663,4.0807e-15,1.1102e-15,5.9952e-17,1.1652e-30,1.1102e-09,1.4535e-09,
3807,87.388,3.8199e-15,2.7756e-15,1.4433e-16,7.5774e-30,2.7756e-09,3.666e-09,
3808,87.4116,5.5709e-15,6.6613e-16,3.8858e-17,4.7802e-31,6.6613e-10,9.3972e-10,
3809,87.4332,5.0315e-15,1.7764e-15,7.9936e-17,2.4806e-30,1.7764e-09,2.0617e-09,
3810,87.4571,3.4103e-15,1.1657e-15,7.9381e-17,2.0527e-30,1.1657e-09,1.9608e-09,
3811,87.4794,4.1738e-15,1.6653e-15,6.1062e-17,1.7476e-30,1.6653e-09,1.6957e-09,
3812,87.502,4.1039e-15,2.8311e-15,1.7208e-16,9.605e-30,2.8311e-09,4.3098e-09,
3813,87.5259,6.395e-15,1.3323e-15,5.3291e-17,1.2326e-30,1.3323e-09,1.4433e-09,
3814,87.5478,6.0095e-15,2.1094e-15,1.3656e-16,5.9646e-30,2.1094e-09,3.3453e-09,
3815,87.5709,5.3958e-15,8.8818e-16,4.1633e-17,6.6599e-31,8.8818e-10,1.0767e-09,
3816,87.5932,4.9101e-15,1.6653e-15,9.5479e-17,2.934e-30,1.6653e-09,2.3393e-09,
3817,87.6154,3.8308e-15,2.1094e-15,9.2149e-17,3.3943e-30,2.1094e-09,2.4077e-09,
3818,87.6376,5.2065e-15,1.4433e-15,9.4369e-17,2.8365e-30,1.4433e-09,2.3034e-09,
3819,87.6604,4.8377e-15,1.9984e-15,9.2704e-17,3.3792e-30,1.9984e-09,2.4004e-09,
3820,87.6826,4.6855e-15,1.5543e-15,8.3267e-17,2.3404e-30,1.5543e-09,2.052e-09,
3821,87.7047,4.7827e-15,1.4433e-15,8.7153e-17,2.6474e-30,1.4433e-09,2.1939e-09,
3822,87.7272,4.1382e-15,1.3323e-15,6.4393e-17,1.473e-30,1.3323e-09,1.615e-09,
3823,87.7485,3.9503e-15,3.1086e-15,1.6986e-16,1.0263e-29,3.1086e-09,4.3086e-09,
3824,87.772,6.3948e-15,6.6613e-16,3.5527e-17,4.3449e-31,6.6613e-10,8.8004e-10,
3825,87.7935,5.7155e-15,1.7764e-15,9.1038e-17,2.9447e-30,1.7764e-09,2.2703e-09,
3826,87.8159,3.5311e-15,1.4433e-15,6.4393e-17,1.5149e-30,1.4433e-09,1.6422e-09,
3827,87.8378,4.4745e-15,2.6645e-15,1.6875e-16,9.3816e-30,2.6645e-09,4.1583e-09,
3828,87.8609,6.0953e-15,9.992e-16,3.5527e-17,6.1206e-31,9.992e-10,1.005e-09,
3829,87.8815,5.7218e-15,2.7756e-15,1.8818e-16,1.1527e-29,2.7756e-09,4.5903e-09,
3830,87.9052,6.0464e-15,6.6613e-16,2.7756e-17,2.9929e-31,6.6613e-10,7.1219e-10,
3831,87.9259,5.7863e-15,2.2204e-15,1.41e-16,6.2046e-30,2.2204e-09,3.4194e-09,
3832,87.949,4.3208e-15,3.3307e-16,8.8818e-18,6.3171e-32,3.3307e-10,3.1467e-10,
3833,87.9691,4.2294e-15,1.3878e-15,4.3854e-17,1.065e-30,1.3878e-09,1.3313e-09,
3834,87.9898,1.8495e-15,3.7192e-15,1.4766e-16,9.2861e-30,3.7192e-09,4.0698e-09,
3835,88.0131,6.0407e-15,8.8818e-16,3.4417e-17,5.6545e-31,8.8818e-10,9.8698e-10,
3836,88.0342,5.6357e-15,2.609e-15,1.2434e-16,6.4573e-30,2.609e-09,3.3577e-09,
3837,88.0571,5.155e-15,8.8818e-16,5.6066e-17,1.0897e-30,8.8818e-10,1.4123e-09,
3838,88.0809,4.9788e-15,7.7716e-16,2.1094e-17,3.1316e-31,7.7716e-10,7.1274e-10,
3839,88.1018,2.5254e-15,7.2164e-16,4.6629e-17,5.5621e-31,7.2164e-10,1.0203e-09,
3840,88.1231,1.9703e-15,6.6613e-16,3.7748e-17,4.8225e-31,6.6613e-10,8.0933e-10,
3841,88.1448,2.38e-15,2.387e-15,1.5377e-16,7.2557e-30,2.387e-09,3.2798e-09,
3842,88.1669,6.3029e-15,1.5543e-15,1.0769e-16,3.2313e-30,1.5543e-09,2.2924e-09,
3843,88.1892,7.6882e-15,1.6653e-15,9.1038e-17,2.781e-30,1.6653e-09,2.112e-09,
3844,88.2119,5.2395e-15,1.2212e-15,6.9944e-17,1.5377e-30,1.2212e-09,1.6532e-09,
3845,88.2347,4.3768e-15,1.6653e-15,6.2728e-17,1.7799e-30,1.6653e-09,1.7171e-09,
3846,88.2567,4.1144e-15,2.5535e-15,1.6542e-16,9.0318e-30,2.5535e-09,4.0769e-09,
3847,88.2796,6.6516e-15,8.8818e-16,5.8287e-17,1.1359e-30,8.8818e-10,1.4479e-09,
3848,88.3018,5.5447e-15,8.8818e-16,3.7748e-17,5.4388e-31,8.8818e-10,9.9109e-10,
3849,88.3241,2.5199e-15,1.5543e-15,9.6034e-17,3.2159e-30,1.5543e-09,2.422e-09,
3850,88.3466,3.6497e-15,1.3323e-15,5.218e-17,1.1509e-30,1.3323e-09,1.3979e-09,
3851,88.3679,4.1843e-15,1.9984e-15,1.3101e-16,5.7874e-30,1.9984e-09,3.2739e-09,
3852,88.3923,4.6812e-15,3.3307e-16,1.6653e-17,1.0169e-31,3.3307e-10,4.0158e-10,
3853,88.412,3.9442e-15,2.9976e-15,1.793e-16,1.0442e-29,2.9976e-09,4.3881e-09,
3854,88.4355,5.5216e-15,7.2164e-16,4.996e-17,7.6575e-31,7.2164e-10,1.2011e-09,
3855,88.4568,5.5357e-15,2.1094e-15,8.5487e-17,3.0568e-30,2.1094e-09,2.2996e-09,
3856,88.4791,3.8942e-15,1.6098e-15,9.881e-17,3.2514e-30,1.6098e-09,2.4481e-09,
3857,88.5022,4.9064e-15,1.6653e-15,6.6613e-17,1.8951e-30,1.6653e-09,1.7947e-09,
3858,88.5235,4.392e-15,2.6645e-15,1.7431e-16,9.7021e-30,2.6645e-09,4.2639e-09,
3859,88.5465,6.6359e-15,1.2212e-15,5.6621e-17,1.2222e-30,1.2212e-09,1.4569e-09,
3860,88.5682,6.1078e-15,2.1094e-15,1.1435e-16,4.368e-30,2.1094e-09,2.8054e-09,
3861,88.5907,4.8606e-15,2.4425e-15,1.138e-16,4.9724e-30,2.4425e-09,2.9402e-09,
3862,88.6132,6.2392e-15,1.8874e-15,1.138e-16,4.2189e-30,1.8874e-09,2.7818e-09,
3863,88.6355,5.9561e-15,2.4425e-15,1.138e-16,4.9739e-30,2.4425e-09,2.9402e-09,
3864,88.6578,5.9984e-15,1.9984e-15,1.0492e-16,3.8445e-30,1.9984e-09,2.6229e-09,
3865,88.6814,6.1709e-15,2.4425e-15,1.1435e-16,4.8965e-30,2.4425e-09,2.9318e-09,
3866,88.704,6.1108e-15,1.7764e-15,1.0103e-16,3.3095e-30,1.7764e-09,2.4736e-09,
3867,88.7262,5.8473e-15,2.2204e-15,9.992e-17,3.9659e-30,2.2204e-09,2.6196e-09,
3868,88.749,5.6075e-15,1.4433e-15,9.0483e-17,2.6782e-30,1.4433e-09,2.2191e-09,
3869,88.7711,5.1314e-15,1.7764e-15,8.6597e-17,2.7656e-30,1.7764e-09,2.2262e-09,
3870,88.794,4.5049e-15,1.3323e-15,7.1054e-17,1.7349e-30,1.3323e-09,1.7646e-09,
3871,88.8162,4.3149e-15,1.6653e-15,8.5487e-17,2.5303e-30,1.6653e-09,2.135e-09,
3872,88.8384,4.1414e-15,1.3323e-15,7.8826e-17,2.0064e-30,1.3323e-09,1.9447e-09,
3873,88.8618,4.0547e-15,1.8874e-15,7.6605e-17,2.5145e-30,1.8874e-09,2.0373e-09,
3874,88.884,4.4345e-15,1.3323e-15,8.6597e-17,2.5468e-30,1.3323e-09,2.1403e-09,
3875,88.9061,4.5238e-15,1.9984e-15,7.2164e-17,2.5037e-30,1.9984e-09,2.0411e-09,
3876,88.9289,4.7191e-15,1.5543e-15,9.8255e-17,3.162e-30,1.5543e-09,2.4675e-09,
3877,88.9511,4.5673e-15,1.5543e-15,4.4409e-17,1.2927e-30,1.5543e-09,1.4547e-09,
3878,88.973,4.2715e-15,2.6645e-15,1.4655e-16,7.2692e-30,2.6645e-09,3.7589e-09,
3879,88.9961,5.3736e-15,7.7716e-16,1.8874e-17,3.0969e-31,7.7716e-10,7.0942e-10,
3880,89.0169,4.9616e-15,1.9429e-15,9.6589e-17,3.5992e-30,1.9429e-09,2.6234e-09,
3881,89.0401,3.3964e-15,8.8818e-16,3.1086e-17,5.2231e-31,8.8818e-10,9.1393e-10,
3882,89.0615,3.3258e-15,1.4988e-15,8.2712e-17,2.3901e-30,1.4988e-09,2.0715e-09,
3883,89.084,3.4915e-15,1.6653e-15,6.9944e-17,1.9926e-30,1.6653e-09,1.8095e-09,
3884,89.1058,4.2035e-15,2.6645e-15,1.7542e-16,1.0246e-29,2.6645e-09,4.3565e-09,
3885,89.1288,6.8944e-15,1.5543e-15,5.3846e-17,1.424e-30,1.5543e-09,1.5471e-09,
3886,89.1509,7.0059e-15,2.6645e-15,1.6098e-16,8.4109e-30,2.6645e-09,4.0134e-09,
3887,89.174,5.9674e-15,7.7716e-16,4.774e-17,7.7499e-31,7.7716e-10,1.1903e-09,
3888,89.1954,4.9361e-15,1.5543e-15,7.7161e-17,2.0927e-30,1.5543e-09,1.9029e-09,
3889,89.2187,3.4341e-15,1.5543e-15,8.8263e-17,2.7213e-30,1.5543e-09,2.217e-09,
3890,89.2407,4.3176e-15,1.3323e-15,5.4401e-17,1.273e-30,1.3323e-09,1.4458e-09,
3891,89.2629,4.0385e-15,2.2204e-15,1.4211e-16,6.6036e-30,2.2204e-09,3.4832e-09,
3892,89.2869,4.9776e-15,4.4409e-16,2.1094e-17,1.4175e-31,4.4409e-10,5.1223e-10,
3893,89.3067,4.3403e-15,3.2196e-15,2.2871e-16,1.5884e-29,3.2196e-09,5.4817e-09,
3894,89.3303,6.719e-15,9.992e-16,3.3862e-17,6.0744e-31,9.992e-10,9.8431e-10,
3895,89.3509,7.0666e-15,2.8311e-15,1.5987e-16,8.4448e-30,2.8311e-09,3.9415e-09,
3896,89.3741,4.9342e-15,3.3307e-16,1.3323e-17,7.5496e-32,3.3307e-10,3.7063e-10,
3897,89.3946,4.6446e-15,2.5535e-15,9.9365e-17,4.088e-30,2.5535e-09,2.703e-09,
3898,89.4169,4.0094e-15,1.4433e-15,6.1617e-17,1.5303e-30,1.4433e-09,1.594e-09,
3899,89.439,5.0026e-15,8.8818e-16,3.6637e-17,6.0551e-31,8.8818e-10,1.0104e-09,
3900,89.4615,3.2183e-15,3.0531e-15,1.7986e-16,9.2922e-30,3.0531e-09,4.0413e-09,
3901,89.487,6.2987e-15,9.992e-16,4.885e-17,9.2907e-31,9.992e-10,1.2475e-09,
3902,89.5089,5.9184e-15,1.7764e-15,8.8263e-17,2.8246e-30,1.7764e-09,2.2343e-09,
3903,89.5311,4.1807e-15,1.7764e-15,1.0103e-16,3.598e-30,1.7764e-09,2.539e-09,
3904,89.5536,4.9509e-15,1.5543e-15,7.4385e-17,1.8289e-30,1.5543e-09,1.8775e-09,
3905,89.5772,4.5104e-15,1.4433e-15,8.4932e-17,2.5149e-30,1.4433e-09,2.1335e-09,
3906,89.5998,4.0823e-15,1.3323e-15,5.7732e-17,1.2761e-30,1.3323e-09,1.4869e-09,
3907,89.6214,3.904e-15,2.6645e-15,1.4655e-16,7.7006e-30,2.6645e-09,3.7148e-09,
3908,89.645,5.7019e-15,6.6613e-16,4.3299e-17,6.0243e-31,6.6613e-10,1.0558e-09,
3909,89.6662,4.8789e-15,2.1094e-15,8.4377e-17,3.0661e-30,2.1094e-09,2.2825e-09,
3910,89.689,3.9105e-15,1.4988e-15,1.0159e-16,3.2344e-30,1.4988e-09,2.4597e-09,
3911,89.7122,5.1337e-15,1.9984e-15,7.9936e-17,2.6782e-30,1.9984e-09,2.1542e-09,
3912,89.7343,4.9654e-15,1.4988e-15,9.881e-17,3.0541e-30,1.4988e-09,2.4186e-09,
3913,89.7577,4.9333e-15,1.9984e-15,8.3822e-17,2.8369e-30,1.9984e-09,2.21e-09,
3914,89.7801,4.8897e-15,1.4433e-15,8.3822e-17,2.3377e-30,1.4433e-09,2.0611e-09,
3915,89.8024,4.8652e-15,1.4433e-15,7.6605e-17,2.1278e-30,1.4433e-09,1.9461e-09,
3916,89.8252,4.1123e-15,1.3323e-15,6.2172e-17,1.3327e-30,1.3323e-09,1.5537e-09,
3917,89.847,3.892e-15,2.6645e-15,1.6542e-16,9.2526e-30,2.6645e-09,4.12e-09,
3918,89.8711,5.9282e-15,6.6613e-16,3.5527e-17,3.7787e-31,6.6613e-10,8.3036e-10,
3919,89.8921,5.2584e-15,3.6637e-15,1.7431e-16,1.0577e-29,3.6637e-09,4.1554e-09,
3920,89.9151,6.4573e-15,9.992e-16,5.9952e-17,1.0604e-30,9.992e-10,1.427e-09,
3921,89.9374,6.5936e-15,2.8866e-15,1.4766e-16,8.0951e-30,2.8866e-09,3.7613e-09,
3922,89.9605,5.4852e-15,7.7716e-16,4.2188e-17,6.2747e-31,7.7716e-10,1.0538e-09,
3923,89.9822,5.2919e-15,1.9984e-15,1.1102e-16,4.3391e-30,1.9984e-09,2.7776e-09,
3924,90.0048,3.9678e-15,1.7764e-15,8.6597e-17,2.746e-30,1.7764e-09,2.1991e-09,
3925,90.027,5.1031e-15,1.7764e-15,1.0103e-16,3.5545e-30,1.7764e-09,2.5331e-09,
3926,90.0497,4.8468e-15,1.4433e-15,6.5503e-17,1.587e-30,1.4433e-09,1.644e-09,
3927,90.0712,4.541e-15,2.6645e-15,1.7208e-16,9.8885e-30,2.6645e-09,4.2921e-09,
3928,90.0945,6.0766e-15,5.5511e-16,2.7756e-17,2.8504e-31,5.5511e-10,6.6778e-10,
3929,90.1159,5.2786e-15,2.3315e-15,1.5765e-16,8.0693e-30,2.3315e-09,3.8636e-09,
3930,90.139,4.7646e-15,9.992e-16,3.7748e-17,6.136e-31,9.992e-10,1.0089e-09,
3931,90.1597,5.2247e-15,2.7756e-15,1.8929e-16,1.0897e-29,2.7756e-09,4.4939e-09,
3932,90.1835,5.8942e-15,5.5511e-16,1.7764e-17,1.6833e-31,5.5511e-10,5.3918e-10,
3933,90.2035,5.6915e-15,3.9968e-15,1.8319e-16,1.2155e-29,3.9968e-09,4.8306e-09,
3934,90.2269,5.9501e-15,7.7716e-16,3.7748e-17,5.2077e-31,7.7716e-10,9.6706e-10,
3935,90.2484,5.3669e-15,1.2212e-15,5.4401e-17,1.2234e-30,1.2212e-09,1.4194e-09,
3936,90.2697,2.7451e-15,2.3315e-15,1.3656e-16,6.2712e-30,2.3315e-09,3.3255e-09,
3937,90.2942,5.2107e-15,8.8818e-16,3.9968e-17,6.0089e-31,8.8818e-10,1.0121e-09,
3938,90.3157,4.8508e-15,1.7208e-15,1.0658e-16,3.7039e-30,1.7208e-09,2.5953e-09,
3939,90.3388,3.6906e-15,4.4409e-16,2.276e-17,1.8373e-31,4.4409e-10,5.7301e-10,
3940,90.3599,3.2725e-15,2.5535e-15,1.3323e-16,6.1106e-30,2.5535e-09,3.3521e-09,
3941,90.383,4.477e-15,6.6613e-16,4.3299e-17,6.1784e-31,6.6613e-10,1.0785e-09,
3942,90.4048,4.4401e-15,1.7764e-15,6.7724e-17,2.0815e-30,1.7764e-09,1.8669e-09,
3943,90.427,3.2539e-15,1.3323e-15,8.2157e-17,2.2156e-30,1.3323e-09,2.0608e-09,
3944,90.4498,3.9478e-15,1.2212e-15,4.1078e-17,8.6166e-31,1.2212e-09,1.1969e-09,
3945,90.4734,3.524e-15,2.1649e-15,1.2601e-16,5.108e-30,2.1649e-09,3.1838e-09,
3946,90.4964,4.5288e-15,6.6613e-16,2.3315e-17,2.7271e-31,6.6613e-10,6.7236e-10,
3947,90.5171,4.0869e-15,2.2204e-15,1.4821e-16,7.2249e-30,2.2204e-09,3.6821e-09,
3948,90.5407,5.1872e-15,1.1102e-15,4.4964e-17,8.7861e-31,1.1102e-09,1.2218e-09,
3949,90.562,5.3593e-15,1.8874e-15,1.1102e-16,4.1431e-30,1.8874e-09,2.721e-09,
3950,90.5849,4.6313e-15,2.3315e-15,1.088e-16,4.6299e-30,2.3315e-09,2.8138e-09,
3951,90.607,5.8713e-15,1.8874e-15,1.0658e-16,3.8657e-30,1.8874e-09,2.6205e-09,
3952,90.6295,5.8772e-15,2.3315e-15,1.1213e-16,4.7732e-30,2.3315e-09,2.8574e-09,
3953,90.6525,5.8537e-15,1.5543e-15,1.0103e-16,3.3885e-30,1.5543e-09,2.4837e-09,
3954,90.6747,5.439e-15,2.2204e-15,9.5479e-17,3.6947e-30,2.2204e-09,2.5213e-09,
3955,90.697,5.4176e-15,1.6098e-15,1.0547e-16,3.5653e-30,1.6098e-09,2.6066e-09,
3956,90.7196,5.2972e-15,2.1094e-15,8.1046e-17,2.9135e-30,2.1094e-09,2.203e-09,
3957,90.7421,5.2077e-15,1.6098e-15,1.0547e-16,3.4389e-30,1.6098e-09,2.5935e-09,
3958,90.7647,4.939e-15,1.7764e-15,6.7724e-17,2.0573e-30,1.7764e-09,1.8592e-09,
3959,90.787,4.6242e-15,1.2768e-15,8.7153e-17,2.3608e-30,1.2768e-09,2.1034e-09,
3960,90.8095,4.3249e-15,1.7764e-15,7.1054e-17,2.1359e-30,1.7764e-09,1.9111e-09,
3961,90.833,4.3008e-15,1.3323e-15,9.3814e-17,2.7383e-30,1.3323e-09,2.2738e-09,
3962,90.8553,4.448e-15,1.8874e-15,7.1054e-17,2.3296e-30,1.8874e-09,1.976e-09,
3963,90.8775,4.6093e-15,1.3878e-15,8.8263e-17,2.5303e-30,1.3878e-09,2.177e-09,
3964,90.9003,4.5174e-15,1.7764e-15,7.2164e-17,2.251e-30,1.7764e-09,1.9581e-09,
3965,90.9226,4.2841e-15,1.2212e-15,7.7716e-17,1.9648e-30,1.2212e-09,1.8981e-09,
3966,90.9451,4.38e-15,1.5543e-15,9.0483e-17,2.7907e-30,1.5543e-09,2.2764e-09,
3967,90.9675,4.0408e-15,1.5543e-15,7.4385e-17,1.9675e-30,1.5543e-09,1.8627e-09,
3968,90.9896,4.3438e-15,1.1657e-15,7.4385e-17,1.8412e-30,1.1657e-09,1.8443e-09,
3969,91.0128,3.7306e-15,6.6613e-16,3.9968e-17,5.0228e-31,6.6613e-10,9.5969e-10,
3970,91.0343,2.5647e-15,1.5543e-15,8.4932e-17,2.3824e-30,1.5543e-09,2.0918e-09,
3971,91.0585,3.207e-15,1.4433e-15,7.1054e-17,1.7719e-30,1.4433e-09,1.7727e-09,
3972,91.0807,4.2609e-15,3.2196e-15,1.7375e-16,1.0867e-29,3.2196e-09,4.4053e-09,
3973,91.1037,6.5862e-15,7.7716e-16,5.6066e-17,9.3562e-31,7.7716e-10,1.3541e-09,
3974,91.1257,5.7901e-15,2.6645e-15,1.0769e-16,4.8225e-30,2.6645e-09,2.8823e-09,
3975,91.1478,4.6771e-15,1.9429e-15,1.3212e-16,5.4619e-30,1.9429e-09,3.2068e-09,
3976,91.1711,6.2526e-15,1.1102e-15,5.4401e-17,1.0631e-30,1.1102e-09,1.3877e-09,
3977,91.1934,4.6132e-15,1.9984e-15,1.0214e-16,3.6874e-30,1.9984e-09,2.5686e-09,
3978,91.2158,4.6068e-15,1.9984e-15,1.0547e-16,3.9878e-30,1.9984e-09,2.6615e-09,
3979,91.2381,5.6025e-15,1.6653e-15,8.9928e-17,2.6643e-30,1.6653e-09,2.214e-09,
3980,91.2607,5.0744e-15,1.8874e-15,9.5479e-17,3.2433e-30,1.8874e-09,2.4214e-09,
3981,91.283,4.8617e-15,1.6653e-15,8.4377e-17,2.4548e-30,1.6653e-09,2.0971e-09,
3982,91.3055,4.8565e-15,1.6653e-15,9.77e-17,3.2155e-30,1.6653e-09,2.4434e-09,
3983,91.3278,4.5652e-15,1.6653e-15,7.1054e-17,1.9876e-30,1.6653e-09,1.8392e-09,
3984,91.3494,4.5662e-15,3.2196e-15,1.9873e-16,1.2922e-29,3.2196e-09,4.8071e-09,
3985,91.3735,7.0752e-15,7.7716e-16,3.9968e-17,5.7778e-31,7.7716e-10,9.9316e-10,
3986,91.395,6.2119e-15,1.6653e-15,9.881e-17,3.291e-30,1.6653e-09,2.4748e-09,
3987,91.4171,3.5215e-15,1.5543e-15,5.3846e-17,1.4287e-30,1.5543e-09,1.537e-09,
3988,91.4392,4.584e-15,1.9984e-15,1.2657e-16,5.3175e-30,1.9984e-09,3.1278e-09,
3989,91.4623,4.6036e-15,3.3307e-16,8.8818e-18,5.8548e-32,3.3307e-10,3.0525e-10,
3990,91.4816,3.801e-15,2.276e-15,6.1062e-17,2.6905e-30,2.276e-09,1.4584e-09,
3991,91.5031,3.8518e-15,5.107e-15,2.6312e-16,2.1781e-29,5.107e-09,6.2538e-09,
3992,91.527,1.1207e-14,1.1657e-15,3.1086e-17,7.1182e-31,1.1657e-09,1.1134e-09,
3993,91.5511,8.0341e-15,6.1062e-16,3.2196e-17,3.1739e-31,6.1062e-10,7.4441e-10,
3994,91.5718,1.8637e-15,1.7764e-15,8.2712e-17,2.3346e-30,1.7764e-09,1.852e-09,
3995,91.594,3.6275e-15,8.3267e-16,5.8287e-17,8.9864e-31,8.3267e-10,1.2165e-09,
3996,91.6162,3.9552e-15,8.8818e-16,5.218e-17,1.057e-30,8.8818e-10,1.1314e-09,
3997,91.6385,3.5752e-15,1.6653e-15,1.1935e-16,4.1727e-30,1.6653e-09,2.3682e-09,
3998,91.6622,6.0548e-15,1.7764e-15,8.7708e-17,2.5118e-30,1.7764e-09,1.8892e-09,
3999,91.6836,6.828e-15,2.8311e-15,2.1316e-16,1.2594e-29,2.8311e-09,4.6282e-09,
4000,91.7082,8.0048e-15,7.7716e-16,2.7756e-17,3.5899e-31,7.7716e-10,7.7902e-10,
4001,91.7341,6.4183e-15,2.4425e-15,1.1324e-16,4.727e-30,2.4425e-09,3.0203e-09,
4002,91.7588,3.5529e-15,2.7756e-16,1.1102e-17,6.4711e-32,2.7756e-10,2.9244e-10,
4003,91.7811,3.6603e-15,7.2164e-16,3.8858e-17,4.5645e-31,7.2164e-10,8.9478e-10,
4004,91.8042,1.4138e-15,2.7756e-15,1.36e-16,6.7411e-30,2.7756e-09,3.3874e-09,
4005,91.829,5.7755e-15,9.992e-16,5.5511e-17,1.1001e-30,9.992e-10,1.4655e-09,
4006,91.8532,5.2351e-15,6.6613e-16,1.9429e-17,2.392e-31,6.6613e-10,6.1183e-10,
4007,91.8758,2.207e-15,2.387e-15,1.3156e-16,5.6842e-30,2.387e-09,3.34e-09,
4008,91.9003,4.4247e-15,8.8818e-16,2.6645e-17,4.2525e-31,8.8818e-10,8.3535e-10,
4009,91.9221,4.5065e-15,3.2196e-15,1.8097e-16,1.0898e-29,3.2196e-09,4.614e-09,
4010,91.947,5.7061e-15,7.7716e-16,3.5527e-17,4.8225e-31,7.7716e-10,9.3735e-10,
4011,91.9698,5.3063e-15,1.3323e-15,7.7716e-17,1.9013e-30,1.3323e-09,1.866e-09,
4012,91.9936,3.2236e-15,1.6653e-15,7.8826e-17,2.3342e-30,1.6653e-09,2.0212e-09,
4013,92.0176,4.1654e-15,1.3323e-15,8.3267e-17,2.2114e-30,1.3323e-09,2.0248e-09,
4014,92.0413,4.088e-15,1.7764e-15,8.9928e-17,2.9736e-30,1.7764e-09,2.259e-09,
4015,92.0652,4.2625e-15,1.4433e-15,7.7161e-17,2.0357e-30,1.4433e-09,1.8898e-09,
4016,92.0891,4.4315e-15,1.5543e-15,7.5495e-17,2.0369e-30,1.5543e-09,1.8925e-09,
4017,92.1129,4.2357e-15,1.3323e-15,6.3838e-17,1.441e-30,1.3323e-09,1.5951e-09,
4018,92.1359,4.0116e-15,2.6645e-15,1.5099e-16,7.9491e-30,2.6645e-09,3.784e-09,
4019,92.1606,5.7068e-15,6.6613e-16,3.1086e-17,3.4975e-31,6.6613e-10,8.0599e-10,
4020,92.1827,5.1492e-15,3.3307e-15,1.9318e-16,1.258e-29,3.3307e-09,4.7707e-09,
4021,92.2071,6.272e-15,8.8818e-16,5.5511e-17,9.2175e-31,8.8818e-10,1.3073e-09,
4022,92.2307,6.2808e-15,2.3315e-15,1.0325e-16,3.9412e-30,2.3315e-09,2.6398e-09,
4023,92.2546,4.5414e-15,1.7208e-15,1.1213e-16,3.7671e-30,1.7208e-09,2.6758e-09,
4024,92.2782,5.4502e-15,2.1094e-15,8.2157e-17,2.9663e-30,2.1094e-09,2.2132e-09,
4025,92.3022,5.2663e-15,1.7208e-15,1.088e-16,3.6084e-30,1.7208e-09,2.6256e-09,
4026,92.3258,4.9442e-15,2.1094e-15,6.7168e-17,2.501e-30,2.1094e-09,2.0227e-09,
4027,92.3489,5.0709e-15,3.7192e-15,2.1649e-16,1.5412e-29,3.7192e-09,5.4751e-09,
4028,92.3737,7.6763e-15,9.992e-16,2.1094e-17,4.992e-31,9.992e-10,8.9305e-10,
4029,92.3955,7.2425e-15,1.2212e-15,7.494e-17,1.954e-30,1.2212e-09,1.9459e-09,
4030,92.4193,2.5223e-15,5.5511e-16,2.4425e-17,2.2341e-31,5.5511e-10,6.625e-10,
4031,92.4425,1.9333e-15,7.7716e-16,3.7748e-17,5.7354e-31,7.7716e-10,1.0156e-09,
4032,92.4655,1.3544e-15,9.4369e-16,4.2744e-17,8.0157e-31,9.4369e-10,1.1426e-09,
4033,92.4891,2.2042e-15,4.4409e-16,1.9984e-17,1.9606e-31,4.4409e-10,5.3373e-10,
4034,92.5114,1.985e-15,1.2768e-15,6.9944e-17,1.5885e-30,1.2768e-09,1.6683e-09,
4035,92.5352,2.4212e-15,8.8818e-16,5.9952e-17,1.1247e-30,8.8818e-10,1.4229e-09,
4036,92.558,3.2257e-15,2.6645e-15,1.1879e-16,5.7828e-30,2.6645e-09,3.2111e-09,
4037,92.5829,5.0929e-15,7.2164e-16,4.6629e-17,6.7793e-31,7.2164e-10,1.1331e-09,
4038,92.6058,4.5389e-15,1.9984e-15,7.6605e-17,2.6844e-30,1.9984e-09,2.1284e-09,
4039,92.6297,3.5006e-15,1.7208e-15,1.0325e-16,3.3681e-30,1.7208e-09,2.5862e-09,
4040,92.6536,4.538e-15,1.5543e-15,4.4964e-17,1.2807e-30,1.5543e-09,1.4486e-09,
4041,92.6767,4.3493e-15,2.72e-15,1.5266e-16,8.0246e-30,2.72e-09,3.9588e-09,
4042,92.7014,5.538e-15,7.7716e-16,1.9984e-17,3.0969e-31,7.7716e-10,7.0998e-10,
4043,92.7245,5.0444e-15,2.4425e-15,1.3545e-16,6.5651e-30,2.4425e-09,3.5405e-09,
4044,92.7492,4.6763e-15,8.8818e-16,3.9413e-17,6.0282e-31,8.8818e-10,1.0105e-09,
4045,92.7725,4.3514e-15,1.3323e-15,8.1046e-17,2.2483e-30,1.3323e-09,2.0203e-09,
4046,92.797,3.5154e-15,1.6653e-15,7.7716e-17,2.2372e-30,1.6653e-09,1.978e-09,
4047,92.8215,4.221e-15,1.2212e-15,6.9944e-17,1.5766e-30,1.2212e-09,1.6864e-09,
4048,92.8459,4.0086e-15,1.1102e-15,6.3283e-17,1.3266e-30,1.1102e-09,1.5492e-09,
4049,92.8702,3.3136e-15,9.992e-16,4.885e-17,9.1366e-31,9.992e-10,1.2449e-09,
4050,92.8933,2.9964e-15,2.3315e-15,1.2323e-16,5.314e-30,2.3315e-09,3.0499e-09,
4051,92.9172,4.7348e-15,1.9984e-15,9.992e-17,3.6146e-30,1.9984e-09,2.5297e-09,
4052,92.9415,5.9718e-15,2.2204e-15,1.299e-16,5.8799e-30,2.2204e-09,3.2158e-09,
4053,92.9663,5.8097e-15,6.6613e-16,2.6645e-17,2.9274e-31,6.6613e-10,7.0813e-10,
4054,92.9885,4.4249e-15,2.1094e-15,1.3989e-16,6.7084e-30,2.1094e-09,3.5183e-09,
4055,93.0138,4.5047e-15,7.7716e-16,2.6645e-17,3.5283e-31,7.7716e-10,7.8273e-10,
4056,93.0362,4.7062e-15,2.498e-15,1.3545e-16,6.1198e-30,2.498e-09,3.3471e-09,
4057,93.0609,4.3581e-15,3.3307e-16,1.4433e-17,8.6282e-32,3.3307e-10,3.5766e-10,
4058,93.0829,4.2178e-15,2.7756e-15,1.0991e-16,4.9647e-30,2.7756e-09,3.0383e-09,
4059,93.1076,3.929e-15,7.7716e-16,2.72e-17,3.8711e-31,7.7716e-10,7.88e-10,
4060,93.1299,4.4447e-15,2.8866e-15,1.5321e-16,7.9841e-30,2.8866e-09,3.9195e-09,
4061,93.1551,5.0158e-15,7.7716e-16,2.9976e-17,3.7902e-31,7.7716e-10,8.2489e-10,
4062,93.1783,4.9994e-15,1.3323e-15,9.2149e-17,2.5237e-30,1.3323e-09,2.2095e-09,
4063,93.2022,3.432e-15,1.6653e-15,7.2164e-17,2.0754e-30,1.6653e-09,1.8911e-09,
4064,93.2266,4.2102e-15,1.1657e-15,7.9936e-17,1.9479e-30,1.1657e-09,1.9183e-09,
4065,93.2505,3.9609e-15,1.3323e-15,5.8287e-17,1.3285e-30,1.3323e-09,1.5006e-09,
4066,93.2737,3.5988e-15,2.387e-15,1.5987e-16,7.6544e-30,2.387e-09,3.8155e-09,
4067,93.299,5.5621e-15,9.992e-16,4.2188e-17,7.1491e-31,9.992e-10,1.1081e-09,
4068,93.322,5.287e-15,1.8874e-15,1.2434e-16,4.9396e-30,1.8874e-09,3.0278e-09,
4069,93.3459,4.5709e-15,2.5535e-15,1.1158e-16,4.8815e-30,2.5535e-09,2.9024e-09,
4070,93.3704,6.1479e-15,2.1094e-15,1.2879e-16,5.408e-30,2.1094e-09,3.152e-09,
4071,93.3945,6.5022e-15,2.6645e-15,1.2212e-16,5.6437e-30,2.6645e-09,3.1508e-09,
4072,93.4192,6.6297e-15,1.9984e-15,1.138e-16,4.1188e-30,1.9984e-09,2.7604e-09,
4073,93.4435,6.4026e-15,2.2204e-15,1.1768e-16,5.123e-30,2.2204e-09,2.9943e-09,
4074,93.4679,5.7666e-15,1.9984e-15,9.4369e-17,3.2159e-30,1.9984e-09,2.3901e-09,
4075,93.492,5.7499e-15,1.7208e-15,1.1102e-16,4.1619e-30,1.7208e-09,2.7782e-09,
4076,93.5171,5.0978e-15,4.4409e-16,2.3315e-17,1.6024e-31,4.4409e-10,5.5796e-10,
4077,93.5393,3.5351e-15,2.2204e-15,1.3434e-16,5.7088e-30,2.2204e-09,3.2352e-09,
4078,93.5641,4.2754e-15,6.1062e-16,3.7748e-17,4.7185e-31,6.1062e-10,9.3146e-10,
4079,93.5877,4.197e-15,1.8874e-15,7.1054e-17,2.3019e-30,1.8874e-09,1.9619e-09,
4080,93.6107,3.5092e-15,3.2752e-15,2.0317e-16,1.407e-29,3.2752e-09,5.0872e-09,
4081,93.6355,7.8952e-15,1.2212e-15,5.107e-17,1.0785e-30,1.2212e-09,1.3555e-09,
4082,93.659,7.1356e-15,2.1094e-15,1.3989e-16,6.3201e-30,2.1094e-09,3.4267e-09,
4083,93.6839,5.2103e-15,1.1102e-15,4.6629e-17,8.659e-31,1.1102e-09,1.2173e-09,
4084,93.7071,5.18e-15,1.9984e-15,1.2601e-16,5.0047e-30,1.9984e-09,3.0404e-09,
4085,93.7316,4.8475e-15,2.5535e-15,1.3434e-16,6.2369e-30,2.5535e-09,3.3635e-09,
4086,93.7565,6.297e-15,6.6613e-16,3.9968e-17,5.3926e-31,6.6613e-10,9.9176e-10,
4087,93.7797,4.599e-15,1.8874e-15,8.2157e-17,2.6751e-30,1.8874e-09,2.1507e-09,
4088,93.8039,3.5286e-15,1.3878e-15,9.1038e-17,2.7163e-30,1.3878e-09,2.2327e-09,
4089,93.8276,4.4301e-15,1.5543e-15,6.7168e-17,1.8015e-30,1.5543e-09,1.7791e-09,
4090,93.8518,4.0865e-15,1.2212e-15,6.6613e-17,1.5176e-30,1.2212e-09,1.6338e-09,
4091,93.8762,3.9359e-15,1.3323e-15,6.1062e-17,1.4163e-30,1.3323e-09,1.5854e-09,
4092,93.9002,3.674e-15,9.992e-16,5.3291e-17,9.7067e-31,9.992e-10,1.3202e-09,
4093,93.923,3.2882e-15,2.3315e-15,1.2323e-16,5.3992e-30,2.3315e-09,3.0958e-09,
4094,93.9482,4.6692e-15,6.6613e-16,3.4972e-17,4.056e-31,6.6613e-10,8.4076e-10,
4095,93.9706,4.3347e-15,3.2196e-15,1.6542e-16,9.5249e-30,3.2196e-09,4.0157e-09,
4096,93.9962,5.7384e-15,1.1102e-15,5.6621e-17,1.0774e-30,1.1102e-09,1.4057e-09,
4097,94.0198,6.1521e-15,2.8866e-15,1.4988e-16,7.8717e-30,2.8866e-09,3.7464e-09,
4098,94.0446,5.6705e-15,9.992e-16,5.107e-17,9.3061e-31,9.992e-10,1.2855e-09,
4099,94.0678,5.486e-15,2.3315e-15,1.2879e-16,5.8194e-30,2.3315e-09,3.1856e-09,
4100,94.0946,4.7138e-15,7.7716e-16,4.2188e-17,6.3479e-31,7.7716e-10,1.0689e-09,
4101,94.1207,4.5141e-15,1.7764e-15,9.6589e-17,3.3111e-30,1.7764e-09,2.4261e-09,
4102,94.1451,3.6875e-15,1.7764e-15,7.2164e-17,2.1636e-30,1.7764e-09,1.924e-09,
4103,94.169,4.9419e-15,2.9976e-15,1.9318e-16,1.2433e-29,2.9976e-09,4.7606e-09,
4104,94.1942,7.0304e-15,7.7716e-16,3.3862e-17,4.7185e-31,7.7716e-10,8.9288e-10,
4105,94.2175,6.1597e-15,1.5543e-15,8.6597e-17,2.6227e-30,1.5543e-09,2.197e-09,
4106,94.2419,3.0333e-15,1.1102e-15,3.8858e-17,7.6613e-31,1.1102e-09,1.128e-09,
4107,94.2642,3.5264e-15,1.8319e-15,1.1657e-16,3.7521e-30,1.8319e-09,2.441e-09,
4108,94.289,3.9439e-15,4.4409e-16,2.2204e-17,1.8065e-31,4.4409e-10,5.395e-10,
4109,94.3116,3.7267e-15,2.276e-15,1.3822e-16,5.7797e-30,2.276e-09,3.2063e-09,
4110,94.3365,4.9604e-15,5.5511e-16,1.7764e-17,1.8065e-31,5.5511e-10,4.9765e-10,
4111,94.3581,4.3883e-15,3.8303e-15,2.3703e-16,1.7449e-29,3.8303e-09,5.6912e-09,
4112,94.3833,7.6363e-15,9.992e-16,3.6637e-17,6.1668e-31,9.992e-10,1.0214e-09,
4113,94.4063,7.3997e-15,1.7764e-15,1.0991e-16,3.7151e-30,1.7764e-09,2.6899e-09,
4114,94.4312,3.8555e-15,6.6613e-16,3.4417e-17,4.1138e-31,6.6613e-10,8.4417e-10,
4115,94.4547,3.4344e-15,1.1102e-15,6.6613e-17,1.4529e-30,1.1102e-09,1.6459e-09,
4116,94.4788,2.7477e-15,1.3323e-15,5.7732e-17,1.2884e-30,1.3323e-09,1.4699e-09,
4117,94.5017,3.5044e-15,2.3315e-15,1.3156e-16,5.9477e-30,2.3315e-09,3.2731e-09,
4118,94.527,5.5901e-15,1.1102e-15,5.8842e-17,1.1432e-30,1.1102e-09,1.432e-09,
4119,94.55,5.1727e-15,1.9984e-15,1.0103e-16,3.6793e-30,1.9984e-09,2.5246e-09,
4120,94.574,4.515e-15,2.1094e-15,1.1324e-16,4.5498e-30,2.1094e-09,2.8768e-09,
4121,94.5991,5.755e-15,1.8874e-15,8.9928e-17,2.8704e-30,1.8874e-09,2.2507e-09,
4122,94.6235,5.5284e-15,1.6653e-15,1.0991e-16,3.9015e-30,1.6653e-09,2.6906e-09,
4123,94.6474,5.0048e-15,1.3323e-15,5.6621e-17,1.1941e-30,1.3323e-09,1.4383e-09,
4124,94.6711,4.441e-15,2.276e-15,1.4322e-16,6.5189e-30,2.276e-09,3.52e-09,
4125,94.696,4.8453e-15,6.6613e-16,2.3315e-17,2.6347e-31,6.6613e-10,6.5187e-10,
4126,94.7187,4.3022e-15,1.9429e-15,1.2157e-16,4.7567e-30,1.9429e-09,2.9239e-09,
4127,94.7445,3.8953e-15,3.3307e-16,1.8874e-17,1.1556e-31,3.3307e-10,4.4297e-10,
4128,94.7666,3.636e-15,1.2768e-15,7.5495e-17,1.8292e-30,1.2768e-09,1.8457e-09,
4129,94.7904,2.4805e-15,8.8818e-16,4.885e-17,8.9094e-31,8.8818e-10,1.2325e-09,
4130,94.8142,3.1479e-15,2.3315e-15,1.2657e-16,5.6299e-30,2.3315e-09,3.1736e-09,
4131,94.8391,4.6267e-15,8.8818e-16,3.7748e-17,5.6083e-31,8.8818e-10,9.8505e-10,
4132,94.8624,4.7062e-15,3.3307e-15,2.115e-16,1.5294e-29,3.3307e-09,5.318e-09,
4133,94.8877,6.8661e-15,8.8818e-16,5.107e-17,7.6729e-31,8.8818e-10,1.211e-09,
4134,94.911,6.72e-15,2.3315e-15,9.4924e-17,3.6489e-30,2.3315e-09,2.4358e-09,
4135,94.935,4.6043e-15,1.6653e-15,1.0991e-16,4.1018e-30,1.6653e-09,2.678e-09,
4136,94.9594,5.8923e-15,2.3315e-15,9.7145e-17,3.7983e-30,2.3315e-09,2.5137e-09,
4137,94.9833,5.8311e-15,1.7208e-15,1.0936e-16,4.1496e-30,1.7208e-09,2.7453e-09,
4138,95.0074,5.8657e-15,2.1094e-15,9.3259e-17,3.4728e-30,2.1094e-09,2.4462e-09,
4139,95.0319,5.4399e-15,1.7764e-15,9.6589e-17,3.1416e-30,1.7764e-09,2.3792e-09,
4140,95.056,5.4638e-15,1.9984e-15,9.6034e-17,3.5102e-30,1.9984e-09,2.4461e-09,
4141,95.0798,5.2371e-15,1.4433e-15,8.6597e-17,2.4467e-30,1.4433e-09,2.1167e-09,
4142,95.1046,4.8009e-15,1.7764e-15,9.2149e-17,2.9663e-30,1.7764e-09,2.3025e-09,
4143,95.1287,4.5148e-15,1.3323e-15,8.0491e-17,1.9818e-30,1.3323e-09,1.9056e-09,
4144,95.1527,4.3549e-15,1.7764e-15,8.7708e-17,2.7183e-30,1.7764e-09,2.1968e-09,
4145,95.178,4.3628e-15,1.3323e-15,8.5487e-17,2.2233e-30,1.3323e-09,2.0273e-09,
4146,95.2029,4.4222e-15,1.6653e-15,8.8263e-17,2.6597e-30,1.6653e-09,2.1817e-09,
4147,95.2268,4.2391e-15,1.3323e-15,6.9944e-17,1.5207e-30,1.3323e-09,1.6455e-09,
4148,95.2505,4.2952e-15,2.8866e-15,1.8985e-16,1.1314e-29,2.8866e-09,4.5729e-09,
4149,95.2753,6.5256e-15,7.7716e-16,4.3299e-17,6.136e-31,7.7716e-10,1.0495e-09,
4150,95.2983,5.8392e-15,2.1094e-15,1.1546e-16,4.5637e-30,2.1094e-09,2.8326e-09,
4151,95.3227,4.2539e-15,1.7764e-15,8.1046e-17,2.4825e-30,1.7764e-09,2.0652e-09,
4152,95.3467,5.486e-15,1.6653e-15,9.6034e-17,3.0726e-30,1.6653e-09,2.3296e-09,
4153,95.3705,4.8612e-15,1.6653e-15,6.5503e-17,1.8477e-30,1.6653e-09,1.7737e-09,
4154,95.3941,4.6814e-15,2.5535e-15,1.7097e-16,9.4713e-30,2.5535e-09,4.1513e-09,
4155,95.4191,6.157e-15,4.996e-16,2.8866e-17,2.8196e-31,4.996e-10,7.0582e-10,
4156,95.4424,4.8011e-15,1.2212e-15,3.9968e-17,8.8439e-31,1.2212e-09,1.2108e-09,
4157,95.465,2.3645e-15,4.5519e-15,2.7867e-16,2.519e-29,4.5519e-09,6.978e-09,
4158,95.4905,8.9358e-15,2.2204e-16,1.7764e-17,9.3985e-32,2.2204e-10,3.5793e-10,
4159,95.5133,8.1887e-15,1.1102e-15,4.3854e-17,9.4332e-31,1.1102e-09,1.0293e-09,
4160,95.536,2.8696e-15,2.8311e-15,1.0547e-16,4.9597e-30,2.8311e-09,2.1645e-09,
4161,95.5591,8.0455e-15,3.9968e-15,2.7534e-16,2.2638e-29,3.9968e-09,5.3626e-09,
4162,95.584,1.5053e-14,4.4409e-16,2.4425e-17,2.6539e-31,4.4409e-10,6.2455e-10,
4163,95.6076,9.5814e-15,6.1062e-16,3.7192e-17,4.7956e-31,6.1062e-10,8.2968e-10,
4164,95.6307,2.3419e-15,1.1657e-15,6.9944e-17,1.6609e-30,1.1657e-09,1.5388e-09,
4165,95.6547,3.8796e-15,7.2164e-16,4.2188e-17,5.7008e-31,7.2164e-10,9.1466e-10,
4166,95.6787,4.0274e-15,1.3878e-15,9.6589e-17,2.6054e-30,1.3878e-09,2.0338e-09,
4167,95.7027,4.6877e-15,8.8818e-16,6.5503e-17,1.2418e-30,8.8818e-10,1.4308e-09,
4168,95.7265,4.9866e-15,1.6653e-15,1.3711e-16,5.0525e-30,1.6653e-09,2.9483e-09,
4169,95.7511,5.874e-15,1.9984e-15,1.1213e-16,3.7594e-30,1.9984e-09,2.6096e-09,
4170,95.776,6.5644e-15,1.6098e-15,1.0825e-16,3.3238e-30,1.6098e-09,2.4964e-09,
4171,95.8007,5.3109e-15,1.8874e-15,7.4385e-17,2.2946e-30,1.8874e-09,1.9779e-09,
4172,95.8241,5.0219e-15,3.2752e-15,2.1538e-16,1.3943e-29,3.2752e-09,5.1823e-09,
4173,95.8492,7.7423e-15,1.2212e-15,5.8842e-17,1.3173e-30,1.2212e-09,1.5181e-09,
4174,95.8732,6.8746e-15,8.8818e-16,5.9952e-17,1.1247e-30,8.8818e-10,1.4582e-09,
4175,95.8975,2.914e-15,1.1102e-15,4.5519e-17,8.3701e-31,1.1102e-09,1.1982e-09,
4176,95.9206,2.9353e-15,1.6098e-15,1.1158e-16,3.9324e-30,1.6098e-09,2.6871e-09,
4177,95.9444,4.3457e-15,2.2204e-15,9.992e-17,3.8673e-30,2.2204e-09,2.5857e-09,
4178,95.969,5.3153e-15,1.6653e-15,1.0214e-16,3.2957e-30,1.6653e-09,2.4915e-09,
4179,95.9931,5.4816e-15,2.2204e-15,8.5487e-17,3.2113e-30,2.2204e-09,2.3278e-09,
4180,96.0174,5.5508e-15,1.6098e-15,1.1213e-16,3.9416e-30,1.6098e-09,2.7221e-09,
4181,96.0416,5.337e-15,1.9984e-15,7.6605e-17,2.5052e-30,1.9984e-09,2.0783e-09,
4182,96.0656,5.1824e-15,1.6653e-15,9.881e-17,3.043e-30,1.6653e-09,2.4255e-09,
4183,96.0897,4.5063e-15,1.6653e-15,6.2728e-17,1.6983e-30,1.6653e-09,1.712e-09,
4184,96.1132,4.1355e-15,2.8311e-15,1.8596e-16,1.0545e-29,2.8311e-09,4.5041e-09,
4185,96.1384,6.8361e-15,1.1102e-15,5.9952e-17,1.2788e-30,1.1102e-09,1.5101e-09,
4186,96.1623,5.9348e-15,9.992e-16,3.7748e-17,6.4403e-31,9.992e-10,1.0415e-09,
4187,96.1853,2.9545e-15,3.3862e-15,2.2538e-16,1.6679e-29,3.3862e-09,5.5488e-09,
4188,96.21,6.9535e-15,9.992e-16,3.2196e-17,5.5505e-31,9.992e-10,9.358e-10,
4189,96.2322,7.1436e-15,1.9429e-15,9.7145e-17,3.0018e-30,1.9429e-09,2.287e-09,
4190,96.2575,3.4962e-15,2.2204e-16,1.3878e-17,5.5852e-32,2.2204e-10,3.2322e-10,
4191,96.2789,3.1439e-15,9.992e-16,5.3846e-17,1.1714e-30,9.992e-10,1.418e-09,
4192,96.3029,2.1847e-15,1.1102e-15,5.218e-17,1.0558e-30,1.1102e-09,1.3521e-09,
4193,96.3263,3.1205e-15,1.9984e-15,1.1546e-16,4.3927e-30,1.9984e-09,2.8005e-09,
4194,96.3503,4.5974e-15,2.5535e-15,1.138e-16,5.1496e-30,2.5535e-09,2.9813e-09,
4195,96.3752,6.301e-15,1.9984e-15,1.199e-16,4.8102e-30,1.9984e-09,2.9655e-09,
4196,96.3997,6.3193e-15,2.4425e-15,1.1768e-16,5.2046e-30,2.4425e-09,3.0107e-09,
4197,96.4239,6.2461e-15,1.7764e-15,1.0658e-16,3.6808e-30,1.7764e-09,2.5726e-09,
4198,96.4479,6.003e-15,2.1094e-15,1.0103e-16,3.8164e-30,2.1094e-09,2.5861e-09,
4199,96.4739,5.5113e-15,1.7764e-15,9.0483e-17,2.8461e-30,1.7764e-09,2.2298e-09,
4200,96.4999,5.4149e-15,1.7764e-15,8.7708e-17,2.8384e-30,1.7764e-09,2.2326e-09,
4201,96.5272,4.9808e-15,1.3323e-15,8.2712e-17,2.2684e-30,1.3323e-09,2.0177e-09,
4202,96.5523,4.3561e-15,1.7764e-15,7.9936e-17,2.5268e-30,1.7764e-09,2.0896e-09,
4203,96.577,4.3885e-15,1.3323e-15,7.4385e-17,1.8292e-30,1.3323e-09,1.8143e-09,
4204,96.6017,4.4125e-15,1.4433e-15,7.7716e-17,2.1636e-30,1.4433e-09,1.9646e-09,
4205,96.6267,3.9484e-15,1.2212e-15,5.4401e-17,1.1375e-30,1.2212e-09,1.3791e-09,
4206,96.6501,3.7331e-15,2.2204e-15,1.3434e-16,6.2092e-30,2.2204e-09,3.3389e-09,
4207,96.6753,5.0291e-15,5.5511e-16,2.6645e-17,2.6847e-31,5.5511e-10,6.6356e-10,
4208,96.698,4.3894e-15,2.3315e-15,1.41e-16,6.5871e-30,2.3315e-09,3.4917e-09,
4209,96.7227,4.6e-15,4.4409e-16,2.9976e-17,2.6039e-31,4.4409e-10,6.9418e-10,
4210,96.7451,4.3974e-15,2.8866e-15,1.2934e-16,6.2573e-30,2.8866e-09,3.3047e-09,
4211,96.7694,4.7764e-15,2.276e-15,1.4988e-16,6.75e-30,2.276e-09,3.5736e-09,
4212,96.7942,6.9685e-15,8.8818e-16,4.5519e-17,7.9194e-31,8.8818e-10,1.1593e-09,
4213,96.8175,4.9003e-15,1.3323e-15,8.3822e-17,2.2237e-30,1.3323e-09,1.9971e-09,
4214,96.8416,3.4395e-15,1.7764e-15,8.5487e-17,2.6408e-30,1.7764e-09,2.1806e-09,
4215,96.8658,4.4457e-15,1.2212e-15,8.1046e-17,1.9259e-30,1.2212e-09,1.9193e-09,
4216,96.8898,4.2692e-15,1.4433e-15,6.9944e-17,1.743e-30,1.4433e-09,1.7559e-09,
4217,96.9139,3.848e-15,9.992e-16,6.3838e-17,1.2884e-30,9.992e-10,1.5432e-09,
4218,96.9381,3.4851e-15,1.3323e-15,5.5511e-17,1.2603e-30,1.3323e-09,1.4686e-09,
4219,96.9622,3.4115e-15,2.3315e-15,1.4433e-16,6.5358e-30,2.3315e-09,3.469e-09,
4220,96.9875,5.6719e-15,8.8818e-16,3.6637e-17,5.6391e-31,8.8818e-10,9.6656e-10,
4221,97.0109,5.262e-15,1.3323e-15,9.3259e-17,2.6732e-30,1.3323e-09,2.2156e-09,
4222,97.0348,3.5169e-15,1.7764e-15,7.7716e-17,2.4224e-30,1.7764e-09,2.0255e-09,
4223,97.0593,4.3833e-15,1.3323e-15,8.4932e-17,2.2992e-30,1.3323e-09,2.06e-09,
4224,97.0834,4.4355e-15,1.6653e-15,7.9936e-17,2.3516e-30,1.6653e-09,2.0296e-09,
4225,97.1073,4.2318e-15,1.3323e-15,7.7716e-17,1.9706e-30,1.3323e-09,1.8692e-09,
4226,97.1317,4.1857e-15,1.5543e-15,5.8842e-17,1.57e-30,1.5543e-09,1.627e-09,
4227,97.155,4.2032e-15,2.6645e-15,1.7153e-16,9.2433e-30,2.6645e-09,4.1896e-09,
4228,97.1798,6.2584e-15,8.8818e-16,5.8287e-17,1.0959e-30,8.8818e-10,1.4231e-09,
4229,97.2041,5.386e-15,9.992e-16,2.6645e-17,5.1461e-31,9.992e-10,9.1501e-10,
4230,97.2264,2.8184e-15,4.4409e-16,1.9984e-17,1.7141e-31,4.4409e-10,5.2077e-10,
4231,97.2486,2.0537e-15,1.5543e-15,9.8255e-17,3.3114e-30,1.5543e-09,2.4978e-09,
4232,97.273,3.5051e-15,1.8874e-15,7.5495e-17,2.4363e-30,1.8874e-09,2.0219e-09,
4233,97.2969,4.7331e-15,1.6653e-15,9.5479e-17,3.1605e-30,1.6653e-09,2.3931e-09,
4234,97.3205,5.0383e-15,2.1094e-15,9.0483e-17,3.1897e-30,2.1094e-09,2.3367e-09,
4235,97.3432,5.3074e-15,1.5543e-15,8.9928e-17,2.8057e-30,1.5543e-09,2.2577e-09,
4236,97.3658,5.152e-15,1.8874e-15,9.4924e-17,3.1173e-30,1.8874e-09,2.3399e-09,
4237,97.3889,4.8558e-15,1.5543e-15,7.8826e-17,2.1925e-30,1.5543e-09,1.9742e-09,
4238,97.4115,4.804e-15,1.8874e-15,9.2704e-17,3.105e-30,1.8874e-09,2.3493e-09,
4239,97.4354,4.8003e-15,1.3323e-15,6.8834e-17,1.7214e-30,1.3323e-09,1.7179e-09,
4240,97.458,4.5278e-15,1.0547e-15,6.8834e-17,1.6413e-30,1.0547e-09,1.7375e-09,
4241,97.482,3.3889e-15,6.6613e-16,3.9413e-17,4.3179e-31,6.6613e-10,9.0348e-10,
4242,97.5044,2.4808e-15,1.8874e-15,9.7145e-17,3.0957e-30,1.8874e-09,2.3721e-09,
4243,97.5285,3.7692e-15,1.3323e-15,7.7716e-17,1.8215e-30,1.3323e-09,1.8111e-09,
4244,97.5517,4.8022e-15,1.4433e-15,7.3275e-17,1.914e-30,1.4433e-09,1.8207e-09,
4245,97.5756,4.0585e-15,9.992e-16,5.7732e-17,1.1036e-30,9.992e-10,1.4123e-09,
4246,97.5974,3.4311e-15,2.8866e-15,1.3545e-16,6.9457e-30,2.8866e-09,3.4805e-09,
4247,97.6218,5.4383e-15,7.2164e-16,4.8295e-17,6.968e-31,7.2164e-10,1.1423e-09,
4248,97.6444,5.033e-15,1.8874e-15,9.77e-17,3.219e-30,1.8874e-09,2.3933e-09,
4249,97.6677,3.7717e-15,1.2212e-15,8.6597e-17,2.2853e-30,1.2212e-09,2.0259e-09,
4250,97.6905,4.5584e-15,1.7764e-15,7.2164e-17,2.1293e-30,1.7764e-09,1.9266e-09,
4251,97.7139,4.4571e-15,1.4988e-15,9.4369e-17,2.7167e-30,1.4988e-09,2.3071e-09,
4252,97.7363,4.4829e-15,1.9984e-15,7.272e-17,2.4363e-30,1.9984e-09,2.0442e-09,
4253,97.7593,4.7606e-15,1.4988e-15,9.77e-17,3.0538e-30,1.4988e-09,2.3956e-09,
4254,97.7818,4.885e-15,1.9984e-15,8.2157e-17,2.8847e-30,1.9984e-09,2.1972e-09,
4255,97.8048,4.7745e-15,1.4433e-15,9.6589e-17,3.0907e-30,1.4433e-09,2.3708e-09,
4256,97.8275,4.941e-15,1.9984e-15,8.8263e-17,3.0618e-30,1.9984e-09,2.2873e-09,
4257,97.8503,4.8934e-15,1.4433e-15,9.2149e-17,2.7445e-30,1.4433e-09,2.2346e-09,
4258,97.8729,4.8683e-15,1.6653e-15,8.6597e-17,2.6362e-30,1.6653e-09,2.1919e-09,
4259,97.8958,4.4135e-15,1.3323e-15,7.1054e-17,1.6887e-30,1.3323e-09,1.742e-09,
4260,97.9185,4.1232e-15,1.5543e-15,7.8271e-17,2.1682e-30,1.5543e-09,1.9701e-09,
4261,97.9424,3.9273e-15,1.3323e-15,7.6605e-17,1.9506e-30,1.3323e-09,1.907e-09,
4262,97.9651,3.9919e-15,1.6653e-15,8.1046e-17,2.4024e-30,1.6653e-09,2.0308e-09,
4263,97.9887,4.1515e-15,1.3323e-15,6.9944e-17,1.6933e-30,1.3323e-09,1.7406e-09,
4264,98.0115,4.1514e-15,1.6653e-15,7.9936e-17,2.3388e-30,1.6653e-09,2.0044e-09,
4265,98.035,4.1788e-15,1.4433e-15,6.7724e-17,1.6871e-30,1.4433e-09,1.7209e-09,
4266,98.0569,4.3493e-15,3.1086e-15,1.7542e-16,1.0903e-29,3.1086e-09,4.4339e-09,
4267,98.0815,6.6256e-15,7.7716e-16,3.8858e-17,4.7185e-31,7.7716e-10,9.6176e-10,
4268,98.1035,6.0537e-15,1.6653e-15,8.7708e-17,2.6824e-30,1.6653e-09,2.1827e-09,
4269,98.1276,3.5845e-15,1.3323e-15,7.0499e-17,1.5951e-30,1.3323e-09,1.6927e-09,
4270,98.15,4.2163e-15,3.3307e-15,1.8319e-16,1.1053e-29,3.3307e-09,4.4879e-09,
4271,98.1745,6.766e-15,7.7716e-16,4.996e-17,8.1505e-31,7.7716e-10,1.2271e-09,
4272,98.1964,6.1007e-15,2.2204e-15,1.1768e-16,4.7813e-30,2.2204e-09,2.9539e-09,
4273,98.221,4.3323e-15,5.5511e-16,2.8866e-17,3.0391e-31,5.5511e-10,7.1683e-10,
4274,98.2422,4.0578e-15,2.7756e-15,1.3656e-16,6.8455e-30,2.7756e-09,3.4509e-09,
4275,98.267,4.8188e-15,5.5511e-16,3.9968e-17,4.5606e-31,5.5511e-10,9.2163e-10,
4276,98.2893,4.7465e-15,1.7764e-15,8.3267e-17,2.5426e-30,1.7764e-09,2.0966e-09,
4277,98.3137,3.2488e-15,1.4433e-15,8.9373e-17,2.5072e-30,1.4433e-09,2.1491e-09,
4278,98.3368,4.5204e-15,1.7764e-15,7.9936e-17,2.4405e-30,1.7764e-09,2.0593e-09,
4279,98.3603,4.5327e-15,1.2212e-15,7.383e-17,1.7106e-30,1.2212e-09,1.771e-09,
4280,98.3832,4.2214e-15,1.4433e-15,6.8834e-17,1.6979e-30,1.4433e-09,1.7707e-09,
4281,98.407,3.7074e-15,1.2212e-15,6.7724e-17,1.4425e-30,1.2212e-09,1.6461e-09,
4282,98.4291,3.6844e-15,3.3307e-15,1.632e-16,1.0029e-29,3.3307e-09,4.1971e-09,
4283,98.4536,6.4658e-15,8.8818e-16,4.7184e-17,7.5381e-31,8.8818e-10,1.1629e-09,
4284,98.4756,6.1084e-15,2.1094e-15,1.0325e-16,3.9921e-30,2.1094e-09,2.6465e-09,
4285,98.4991,4.2381e-15,1.6653e-15,8.6042e-17,2.5596e-30,1.6653e-09,2.1401e-09,
4286,98.5219,5.2764e-15,1.7764e-15,9.1593e-17,3.0618e-30,1.7764e-09,2.2976e-09,
4287,98.5456,4.7642e-15,1.3323e-15,7.5495e-17,1.82e-30,1.3323e-09,1.8493e-09,
4288,98.5685,4.3563e-15,1.6653e-15,6.7724e-17,1.946e-30,1.6653e-09,1.8165e-09,
4289,98.5919,4.2302e-15,1.2768e-15,8.2712e-17,2.1698e-30,1.2768e-09,2.0313e-09,
4290,98.615,3.8201e-15,1.3323e-15,4.996e-17,1.122e-30,1.3323e-09,1.3766e-09,
4291,98.6376,3.6181e-15,2.1649e-15,1.4544e-16,6.8085e-30,2.1649e-09,3.5651e-09,
4292,98.6613,5.6698e-15,9.992e-16,6.1062e-17,1.2619e-30,9.992e-10,1.5081e-09,
4293,98.6849,4.9359e-15,9.992e-16,4.3299e-17,7.0605e-31,9.992e-10,1.1069e-09,
4294,98.7071,2.7783e-15,1.8874e-15,1.088e-16,3.9489e-30,1.8874e-09,2.6004e-09,
4295,98.7313,4.1899e-15,1.6653e-15,7.0499e-17,1.9633e-30,1.6653e-09,1.8254e-09,
4296,98.7536,4.9816e-15,2.6645e-15,1.7653e-16,1.0036e-29,2.6645e-09,4.3156e-09,
4297,98.778,6.2243e-15,7.7716e-16,3.2196e-17,4.1138e-31,7.7716e-10,8.4087e-10,
4298,98.7992,5.5116e-15,2.5535e-15,1.7208e-16,9.9721e-30,2.5535e-09,4.3256e-09,
4299,98.8235,5.5084e-15,9.992e-16,3.3307e-17,5.824e-31,9.992e-10,9.7957e-10,
4300,98.846,5.755e-15,2.8311e-15,1.6098e-16,8.28e-30,2.8311e-09,3.9646e-09,
4301,98.8729,4.9967e-15,5.5511e-16,2.387e-17,2.2842e-31,5.5511e-10,6.2868e-10,
4302,98.8946,4.6201e-15,2.3315e-15,1.3489e-16,6.2959e-30,2.3315e-09,3.3763e-09,
4303,98.9196,4.4939e-15,6.6613e-16,4.2188e-17,5.797e-31,6.6613e-10,1.0186e-09,
4304,98.9419,4.4216e-15,2.1094e-15,8.8818e-17,3.1358e-30,2.1094e-09,2.3227e-09,
4305,98.9658,3.8252e-15,1.6098e-15,1.1102e-16,3.8303e-30,1.6098e-09,2.6798e-09,
4306,98.9888,5.3367e-15,2.4425e-15,1.0325e-16,4.3742e-30,2.4425e-09,2.7382e-09,
4307,99.0123,5.6393e-15,1.6653e-15,1.0658e-16,3.5175e-30,1.6653e-09,2.5752e-09,
4308,99.0351,5.8527e-15,2.1094e-15,9.7145e-17,3.6735e-30,2.1094e-09,2.5257e-09,
4309,99.0588,5.3994e-15,1.6653e-15,8.7153e-17,2.6412e-30,1.6653e-09,2.1976e-09,
4310,99.0815,5.2936e-15,1.8874e-15,1.0603e-16,3.9324e-30,1.8874e-09,2.6513e-09,
4311,99.1052,5.0561e-15,1.7764e-15,8.5487e-17,2.5977e-30,1.7764e-09,2.163e-09,
4312,99.1279,5.1088e-15,1.7764e-15,9.1038e-17,3.0383e-30,1.7764e-09,2.3187e-09,
4313,99.1515,4.9163e-15,1.6653e-15,7.6605e-17,2.1359e-30,1.6653e-09,1.9315e-09,
4314,99.1733,4.7371e-15,3.4417e-15,2.0317e-16,1.4508e-29,3.4417e-09,5.1036e-09,
4315,99.1981,7.4185e-15,1.1102e-15,5.8287e-17,1.1159e-30,1.1102e-09,1.4423e-09,
4316,99.22,6.8458e-15,2.8866e-15,1.3989e-16,6.9981e-30,2.8866e-09,3.5511e-09,
4317,99.2443,5.6203e-15,8.3267e-16,5.8842e-17,1.04e-30,8.3267e-10,1.3998e-09,
4318,99.2671,5.2185e-15,1.2212e-15,5.6621e-17,1.1848e-30,1.2212e-09,1.4403e-09,
4319,99.29,2.8963e-15,2.2204e-15,1.3656e-16,5.6961e-30,2.2204e-09,3.235e-09,
4320,99.3135,5.2381e-15,2.5535e-15,1.3378e-16,6.1788e-30,2.5535e-09,3.3426e-09,
4321,99.3384,6.6735e-15,6.6613e-16,3.6637e-17,4.2679e-31,6.6613e-10,8.7822e-10,
4322,99.3603,4.7483e-15,1.7764e-15,9.1593e-17,2.9725e-30,1.7764e-09,2.3e-09,
4323,99.3838,3.4576e-15,1.6653e-15,7.6605e-17,2.0604e-30,1.6653e-09,1.9063e-09,
4324,99.4056,4.7353e-15,3.1086e-15,1.9373e-16,1.2402e-29,3.1086e-09,4.7661e-09,
4325,99.4301,7.0419e-15,7.7716e-16,4.4409e-17,6.4095e-31,7.7716e-10,1.0808e-09,
4326,99.4521,6.1237e-15,2.1094e-15,1.0991e-16,4.2124e-30,2.1094e-09,2.7633e-09,
4327,99.4763,4.0596e-15,1.6653e-15,8.8263e-17,2.6012e-30,1.6653e-09,2.162e-09,
4328,99.4994,5.1639e-15,1.7764e-15,1.0603e-16,3.6396e-30,1.7764e-09,2.6056e-09,
4329,99.523,4.7986e-15,1.4433e-15,6.2172e-17,1.4822e-30,1.4433e-09,1.6007e-09,
4330,99.5449,4.5895e-15,2.609e-15,1.6098e-16,8.741e-30,2.609e-09,4.0216e-09,
4331,99.5693,5.5555e-15,5.5511e-16,2.8866e-17,2.8042e-31,5.5511e-10,7.0871e-10,
4332,99.5909,4.7845e-15,2.9976e-15,1.41e-16,7.3867e-30,2.9976e-09,3.6149e-09,
4333,99.6153,5.0655e-15,8.8818e-16,5.3846e-17,9.6643e-31,8.8818e-10,1.3323e-09,
4334,99.6372,5.3865e-15,2.5535e-15,1.1324e-16,5.1018e-30,2.5535e-09,2.9603e-09,
4335,99.6608,4.7812e-15,1.7764e-15,1.1435e-16,4.3603e-30,1.7764e-09,2.8639e-09,
4336,99.6835,6.153e-15,2.4425e-15,1.0103e-16,4.2324e-30,2.4425e-09,2.6743e-09,
4337,99.7073,6.0333e-15,1.7208e-15,1.1435e-16,4.217e-30,1.7208e-09,2.8038e-09,
4338,99.73,5.8724e-15,2.1094e-15,7.8826e-17,2.8981e-30,2.1094e-09,2.2032e-09,
4339,99.7539,5.6365e-15,1.5543e-15,9.9365e-17,3.1574e-30,1.5543e-09,2.4376e-09,
4340,99.7766,5.0149e-15,1.9984e-15,7.4385e-17,2.5561e-30,1.9984e-09,2.066e-09,
4341,99.8003,4.8236e-15,1.3323e-15,8.4377e-17,2.4128e-30,1.3323e-09,2.1076e-09,
4342,99.8235,4.8537e-15,1.7764e-15,7.5495e-17,2.3573e-30,1.7764e-09,2.0091e-09,
4343,99.8475,4.5071e-15,1.3323e-15,8.1046e-17,2.0985e-30,1.3323e-09,1.9864e-09,
4344,99.8703,4.4197e-15,1.5543e-15,8.6597e-17,2.5484e-30,1.5543e-09,2.1217e-09,
4345,99.8945,4.0031e-15,1.1102e-15,4.1078e-17,7.6768e-31,1.1102e-09,1.1348e-09,
4346,99.9167,3.8255e-15,1.7764e-15,1.1102e-16,4.1939e-30,1.7764e-09,2.7998e-09,
4347,99.9416,3.9905e-15,3.3307e-16,1.3323e-17,7.7037e-32,3.3307e-10,3.6013e-10,
4348,99.9619,3.3855e-15,2.498e-15,1.4322e-16,6.6317e-30,2.498e-09,3.4939e-09,
4349,99.9863,4.1652e-15,5.5511e-16,1.8874e-17,2.003e-31,5.5511e-10,5.5945e-10,
4350,100.0066,4.3093e-15,1.6098e-15,1.0991e-16,3.2571e-30,1.6098e-09,2.2999e-09,
4351,100.0301,3.2702e-15,7.2164e-16,4.1078e-17,5.824e-31,7.2164e-10,9.3455e-10,
4352,100.0514,3.9087e-15,3.4417e-15,1.8985e-16,1.0932e-29,3.4417e-09,4.1169e-09,
4353,100.0758,7.0552e-15,1.2212e-15,5.7176e-17,1.1467e-30,1.2212e-09,1.4211e-09,
4354,100.098,7.1303e-15,2.3315e-15,1.3767e-16,6.4434e-30,2.3315e-09,3.421e-09,
4355,100.1222,5.1791e-15,6.6613e-16,3.2196e-17,3.8827e-31,6.6613e-10,8.0751e-10,
4356,100.1434,4.6524e-15,3.3307e-15,1.8097e-16,1.1755e-29,3.3307e-09,4.5894e-09,
4357,100.1678,6.1122e-15,8.8818e-16,3.7748e-17,5.3618e-31,8.8818e-10,9.6271e-10,
4358,100.1889,6.3649e-15,3.1086e-15,2.0761e-16,1.4155e-29,3.1086e-09,5.1118e-09,
4359,100.2134,6.5315e-15,6.6613e-16,2.9976e-17,3.3742e-31,6.6613e-10,7.6741e-10,
4360,100.2348,6.3395e-15,2.7756e-15,1.6098e-16,9.3384e-30,2.7756e-09,4.0519e-09,
4361,100.2591,5.464e-15,6.6613e-16,3.2752e-17,3.7325e-31,6.6613e-10,8.1287e-10,
4362,100.2805,5.4103e-15,3.1086e-15,1.7486e-16,1.0824e-29,3.1086e-09,4.411e-09,
4363,100.3048,5.7612e-15,8.8818e-16,4.6629e-17,7.4765e-31,8.8818e-10,1.1631e-09,
4364,100.3278,5.9515e-15,2.2204e-15,1.0103e-16,4.0433e-30,2.2204e-09,2.6283e-09,
4365,100.3582,4.3815e-15,1.6653e-15,1.0159e-16,3.3746e-30,1.6653e-09,2.489e-09,
4366,100.3874,5.4758e-15,2.1094e-15,8.5487e-17,3.1111e-30,2.1094e-09,2.3001e-09,
4367,100.4118,5.3634e-15,1.6653e-15,9.7145e-17,3.1913e-30,1.6653e-09,2.4117e-09,
4368,100.4346,5.3145e-15,1.7764e-15,8.3267e-17,2.5838e-30,1.7764e-09,2.1269e-09,
4369,100.4581,4.8455e-15,1.2212e-15,8.3267e-17,2.0896e-30,1.2212e-09,2.0057e-09,
4370,100.4813,4.2137e-15,1.5543e-15,7.605e-17,2.1543e-30,1.5543e-09,1.9288e-09,
4371,100.5054,4.0129e-15,1.2212e-15,6.1617e-17,1.2992e-30,1.2212e-09,1.5214e-09,
4372,100.5273,3.9127e-15,2.7756e-15,1.4433e-16,7.4803e-30,2.7756e-09,3.666e-09,
4373,100.5518,5.7069e-15,8.8818e-16,4.5519e-17,7.411e-31,8.8818e-10,1.1478e-09,
4374,100.574,5.3304e-15,2.3315e-15,1.1602e-16,4.8738e-30,2.3315e-09,2.9117e-09,
4375,100.5975,4.5559e-15,1.9984e-15,1.0492e-16,3.7105e-30,1.9984e-09,2.6044e-09,
4376,100.6205,6.0294e-15,2.2204e-15,1.0325e-16,4.0679e-30,2.2204e-09,2.6785e-09,
4377,100.6439,5.9332e-15,1.6653e-15,1.0214e-16,3.3927e-30,1.6653e-09,2.496e-09,
4378,100.6668,5.4891e-15,1.7764e-15,8.3267e-17,2.6516e-30,1.7764e-09,2.1481e-09,
4379,100.6903,4.8663e-15,1.2212e-15,7.1054e-17,1.5935e-30,1.2212e-09,1.7111e-09,
4380,100.7131,4.1188e-15,1.4433e-15,7.3275e-17,1.9444e-30,1.4433e-09,1.8565e-09,
4381,100.7367,3.6804e-15,1.1102e-15,6.8834e-17,1.4687e-30,1.1102e-09,1.6375e-09,
4382,100.7585,3.5094e-15,2.9976e-15,1.4766e-16,7.7422e-30,2.9976e-09,3.6992e-09,
4383,100.783,5.7631e-15,8.8818e-16,4.5519e-17,7.1336e-31,8.8818e-10,1.1281e-09,
4384,100.8048,5.6104e-15,2.3315e-15,1.1102e-16,4.7135e-30,2.3315e-09,2.8651e-09,
4385,100.8286,4.6217e-15,1.8874e-15,9.6589e-17,3.2529e-30,1.8874e-09,2.4036e-09,
4386,100.8512,5.9363e-15,1.8874e-15,1.1158e-16,4.3807e-30,1.8874e-09,2.7849e-09,
4387,100.8751,5.2872e-15,1.3323e-15,7.2164e-17,1.6856e-30,1.3323e-09,1.7667e-09,
4388,100.8971,4.5302e-15,3.3307e-15,1.6209e-16,9.7806e-30,3.3307e-09,4.1491e-09,
4389,100.922,6.5019e-15,8.8818e-16,4.885e-17,7.8925e-31,8.8818e-10,1.1995e-09,
4390,100.9438,6.0157e-15,2.3315e-15,1.1047e-16,4.6041e-30,2.3315e-09,2.8584e-09,
4391,100.9673,4.5679e-15,1.8874e-15,1.0214e-16,3.4929e-30,1.8874e-09,2.5302e-09,
4392,100.9901,5.9368e-15,2.2204e-15,1.0769e-16,4.353e-30,2.2204e-09,2.7504e-09,
4393,101.014,5.7747e-15,1.8874e-15,9.1593e-17,3.0264e-30,1.8874e-09,2.3096e-09,
4394,101.0366,5.7571e-15,1.8874e-15,1.1047e-16,4.202e-30,1.8874e-09,2.7497e-09,
4395,101.061,5.2485e-15,1.5543e-15,7.1609e-17,1.8693e-30,1.5543e-09,1.8096e-09,
4396,101.0831,4.7788e-15,2.8866e-15,1.7431e-16,1.0554e-29,2.8866e-09,4.3856e-09,
4397,101.1078,6.4778e-15,8.8818e-16,3.3307e-17,4.7301e-31,8.8818e-10,9.1032e-10,
4398,101.1288,6.0003e-15,2.72e-15,1.6875e-16,9.5649e-30,2.72e-09,4.2134e-09,
4399,101.1533,5.3951e-15,5.5511e-16,2.2204e-17,2.003e-31,5.5511e-10,5.859e-10,
4400,101.1761,5.0881e-15,1.6653e-15,1.0658e-16,3.9582e-30,1.6653e-09,2.6608e-09,
4401,101.2016,3.5817e-15,1.5543e-15,4.5519e-17,1.2665e-30,1.5543e-09,1.4486e-09,
4402,101.2247,4.7731e-15,7.7716e-16,4.3299e-17,6.3633e-31,7.7716e-10,1.1105e-09,
4403,101.2474,2.6582e-15,4.996e-16,1.9984e-17,1.7911e-31,4.996e-10,5.4503e-10,
4404,101.2705,1.318e-15,7.7716e-16,4.6629e-17,6.3171e-31,7.7716e-10,1.0653e-09,
4405,101.2934,1.8118e-15,1.4433e-15,1.0048e-16,2.803e-30,1.4433e-09,2.2803e-09,
4406,101.3174,3.5062e-15,1.7764e-15,6.5503e-17,1.8905e-30,1.7764e-09,1.7887e-09,
4407,101.342,4.6446e-15,2.9421e-15,1.8874e-16,1.1133e-29,2.9421e-09,4.5484e-09,
4408,101.3671,6.9419e-15,1.5543e-15,5.8287e-17,1.5119e-30,1.5543e-09,1.5694e-09,
4409,101.39,6.5901e-15,2.4425e-15,1.6209e-16,8.3451e-30,2.4425e-09,3.9226e-09,
4410,101.4155,6.3084e-15,1.1102e-15,6.0507e-17,1.253e-30,1.1102e-09,1.5167e-09,
4411,101.4389,5.6374e-15,8.8818e-16,4.3299e-17,6.2439e-31,8.8818e-10,1.0669e-09,
4412,101.4618,2.7845e-15,2.1094e-15,1.0103e-16,3.781e-30,2.1094e-09,2.5178e-09,
4413,101.4851,4.2332e-15,1.5543e-15,8.6597e-17,2.5827e-30,1.5543e-09,2.1648e-09,
4414,101.5087,5.0483e-15,1.7764e-15,9.2149e-17,3.0526e-30,1.7764e-09,2.317e-09,
4415,101.5323,4.5841e-15,1.2212e-15,6.6613e-17,1.367e-30,1.2212e-09,1.5994e-09,
4416,101.555,4.1738e-15,3.1086e-15,1.5321e-16,8.4371e-30,3.1086e-09,3.8609e-09,
4417,101.5792,6.0892e-15,7.7716e-16,5.4956e-17,9.7259e-31,7.7716e-10,1.349e-09,
4418,101.602,5.3832e-15,2.6645e-15,9.881e-17,4.5194e-30,2.6645e-09,2.7348e-09,
4419,101.625,4.6896e-15,1.9429e-15,1.299e-16,5.5193e-30,1.9429e-09,3.1973e-09,
4420,101.6499,6.4854e-15,9.992e-16,4.5519e-17,7.9849e-31,9.992e-10,1.1603e-09,
4421,101.6726,4.6015e-15,1.5543e-15,9.992e-17,3.0769e-30,1.5543e-09,2.4177e-09,
4422,101.6963,3.8159e-15,1.7764e-15,7.5495e-17,2.2711e-30,1.7764e-09,1.9801e-09,
4423,101.7196,4.7639e-15,1.2768e-15,8.4932e-17,2.1389e-30,1.2768e-09,2.0064e-09,
4424,101.743,4.1964e-15,1.2212e-15,5.8842e-17,1.1987e-30,1.2212e-09,1.478e-09,
4425,101.7655,3.6124e-15,2.2204e-15,1.3711e-16,5.7088e-30,2.2204e-09,3.2594e-09,
4426,101.79,5.3711e-15,1.1102e-15,5.218e-17,1.025e-30,1.1102e-09,1.3231e-09,
4427,101.8123,5.0858e-15,2.1094e-15,1.1102e-16,4.3172e-30,2.1094e-09,2.7702e-09,
4428,101.8361,4.8538e-15,2.3315e-15,1.1546e-16,4.878e-30,2.3315e-09,2.9198e-09,
4429,101.8592,6.2168e-15,1.8874e-15,9.1593e-17,2.9447e-30,1.8874e-09,2.2829e-09,
4430,101.8829,5.8828e-15,2.2204e-15,1.1657e-16,4.7917e-30,2.2204e-09,2.9341e-09,
4431,101.9063,5.6302e-15,2.2204e-15,9.5479e-17,3.6073e-30,2.2204e-09,2.4908e-09,
4432,101.9298,6.0778e-15,1.6653e-15,1.0991e-16,3.9982e-30,1.6653e-09,2.6992e-09,
4433,101.9531,5.3965e-15,1.2212e-15,5.4401e-17,1.1494e-30,1.2212e-09,1.391e-09,
4434,101.9756,4.1553e-15,2.276e-15,1.4932e-16,7.4283e-30,2.276e-09,3.6891e-09,
4435,101.9999,5.1632e-15,5.5511e-16,2.2204e-17,1.9722e-31,5.5511e-10,5.8167e-10,
4436,102.0218,4.7002e-15,1.8874e-15,1.1435e-16,4.0063e-30,1.8874e-09,2.7632e-09,
4437,102.046,3.4902e-15,2.7756e-16,1.9984e-17,1.1402e-31,2.7756e-10,4.6362e-10,
4438,102.0678,3.1533e-15,1.5543e-15,7.1609e-17,1.7399e-30,1.5543e-09,1.758e-09,
4439,102.0902,2.827e-15,2.609e-15,1.8485e-16,9.4867e-30,2.609e-09,4.2199e-09,
4440,102.1146,6.7748e-15,9.992e-16,4.5519e-17,8.2622e-31,9.992e-10,1.1937e-09,
4441,102.1371,5.7907e-15,1.9984e-15,1.0547e-16,3.8041e-30,1.9984e-09,2.6111e-09,
4442,102.1606,4.412e-15,2.2204e-15,1.1602e-16,4.9369e-30,2.2204e-09,2.9399e-09,
4443,102.1844,5.825e-15,1.8874e-15,9.2149e-17,2.8954e-30,1.8874e-09,2.2706e-09,
4444,102.208,5.6697e-15,1.8874e-15,1.1047e-16,4.128e-30,1.8874e-09,2.737e-09,
4445,102.232,5.197e-15,1.5543e-15,7.5495e-17,2.0014e-30,1.5543e-09,1.8628e-09,
4446,102.2549,4.7737e-15,3.1086e-15,1.8985e-16,1.2121e-29,3.1086e-09,4.7079e-09,
4447,102.2791,6.846e-15,8.8818e-16,5.218e-17,8.9517e-31,8.8818e-10,1.2777e-09,
4448,102.3017,6.0897e-15,2.4425e-15,1.0214e-16,4.2555e-30,2.4425e-09,2.7006e-09,
4449,102.3251,4.6241e-15,1.6098e-15,1.1435e-16,4.0383e-30,1.6098e-09,2.7551e-09,
4450,102.3486,5.7887e-15,2.3315e-15,9.2149e-17,3.6597e-30,2.3315e-09,2.4926e-09,
4451,102.3718,5.6677e-15,1.7208e-15,1.1158e-16,3.9401e-30,1.7208e-09,2.7293e-09,
4452,102.3953,5.4605e-15,1.9984e-15,7.9936e-17,2.7287e-30,1.9984e-09,2.1683e-09,
4453,102.4185,5.0204e-15,1.4433e-15,9.6589e-17,2.932e-30,1.4433e-09,2.3923e-09,
4454,102.4423,4.9095e-15,1.8874e-15,7.1054e-17,2.2591e-30,1.8874e-09,1.9622e-09,
4455,102.4655,4.886e-15,1.3323e-15,8.7708e-17,2.3835e-30,1.3323e-09,2.1245e-09,
4456,102.4888,4.3955e-15,1.5543e-15,6.9944e-17,1.8196e-30,1.5543e-09,1.783e-09,
4457,102.5124,3.9861e-15,1.0547e-15,7.3275e-17,1.5654e-30,1.0547e-09,1.7112e-09,
4458,102.536,3.7425e-15,1.2212e-15,6.1062e-17,1.3805e-30,1.2212e-09,1.5414e-09,
4459,102.5595,3.282e-15,9.992e-16,6.2728e-17,1.2546e-30,9.992e-10,1.507e-09,
4460,102.5831,3.0258e-15,1.1102e-15,5.6621e-17,1.1005e-30,1.1102e-09,1.4208e-09,
4461,102.6055,2.8603e-15,1.9984e-15,1.0214e-16,3.553e-30,1.9984e-09,2.516e-09,
4462,102.6291,4.6103e-15,1.9984e-15,1.2046e-16,4.9785e-30,1.9984e-09,3.001e-09,
4463,102.6532,5.6193e-15,4.996e-16,3.2196e-17,2.835e-31,4.996e-10,7.6058e-10,
4464,102.6758,3.7353e-15,1.4433e-15,4.885e-17,1.1925e-30,1.4433e-09,1.4124e-09,
4465,102.6983,2.5909e-15,2.5535e-15,1.4988e-16,7.1941e-30,2.5535e-09,3.7299e-09,
4466,102.7227,5.2214e-15,8.8818e-16,3.1641e-17,4.7648e-31,8.8818e-10,8.7927e-10,
4467,102.7444,4.7525e-15,2.9976e-15,1.954e-16,1.2673e-29,2.9976e-09,4.8123e-09,
4468,102.7688,6.9361e-15,1.3323e-15,5.1625e-17,1.1852e-30,1.3323e-09,1.4117e-09,
4469,102.7913,7.2156e-15,2.1649e-15,1.4211e-16,6.4977e-30,2.1649e-09,3.493e-09,
4470,102.8158,5.2956e-15,8.8818e-16,4.6629e-17,7.5535e-31,8.8818e-10,1.1654e-09,
4471,102.839,4.6955e-15,1.4433e-15,8.7708e-17,2.3978e-30,1.4433e-09,2.092e-09,
4472,102.8629,3.4465e-15,1.6653e-15,7.3275e-17,2.0835e-30,1.6653e-09,1.9157e-09,
4473,102.8862,4.4261e-15,1.2212e-15,6.9944e-17,1.6394e-30,1.2212e-09,1.7005e-09,
4474,102.909,4.0579e-15,3.4417e-15,1.6764e-16,1.0558e-29,3.4417e-09,4.2851e-09,
4475,102.9332,6.5925e-15,8.8818e-16,5.4956e-17,9.4794e-31,8.8818e-10,1.3248e-09,
4476,102.956,6.2434e-15,2.3315e-15,1.0936e-16,4.4408e-30,2.3315e-09,2.811e-09,
4477,102.9793,4.6078e-15,1.8874e-15,1.088e-16,3.6747e-30,1.8874e-09,2.6135e-09,
4478,103.0029,5.9613e-15,1.9984e-15,1.0991e-16,4.2186e-30,1.9984e-09,2.7303e-09,
4479,103.0261,5.3801e-15,1.5543e-15,8.4377e-17,2.2741e-30,1.5543e-09,2.0251e-09,
4480,103.0497,4.9271e-15,1.6653e-15,9.1038e-17,2.9355e-30,1.6653e-09,2.2678e-09,
4481,103.0729,4.4583e-15,1.3323e-15,7.4385e-17,1.7657e-30,1.3323e-09,1.7627e-09,
4482,103.0958,4.1475e-15,3.4417e-15,1.7764e-16,1.097e-29,3.4417e-09,4.4223e-09,
4483,103.1198,6.7784e-15,8.8818e-16,5.5511e-17,9.7991e-31,8.8818e-10,1.3445e-09,
4484,103.1426,6.1773e-15,2.6645e-15,1.199e-16,5.6241e-30,2.6645e-09,3.0979e-09,
4485,103.1659,4.8862e-15,1.8874e-15,1.1713e-16,4.4362e-30,1.8874e-09,2.8285e-09,
4486,103.1893,6.3428e-15,2.4425e-15,1.0103e-16,4.1693e-30,2.4425e-09,2.6894e-09,
4487,103.2128,6.1846e-15,1.7208e-15,1.1213e-16,3.9674e-30,1.7208e-09,2.7277e-09,
4488,103.2366,5.8061e-15,2.2204e-15,8.7708e-17,3.3018e-30,2.2204e-09,2.369e-09,
4489,103.2597,5.4356e-15,1.6098e-15,1.0103e-16,3.1909e-30,1.6098e-09,2.4677e-09,
4490,103.2832,4.9859e-15,2.1094e-15,7.4385e-17,2.7676e-30,2.1094e-09,2.1279e-09,
4491,103.3064,4.9526e-15,1.4988e-15,9.4369e-17,2.8596e-30,1.4988e-09,2.3115e-09,
4492,103.3299,4.604e-15,1.4433e-15,5.6621e-17,1.362e-30,1.4433e-09,1.5423e-09,
4493,103.3524,3.946e-15,2.387e-15,1.5987e-16,7.7623e-30,2.387e-09,3.8349e-09,
4494,103.3768,5.9445e-15,8.8818e-16,4.774e-17,7.9348e-31,8.8818e-10,1.1816e-09,
4495,103.3993,5.0967e-15,1.5543e-15,8.2712e-17,2.35e-30,1.5543e-09,2.0527e-09,
4496,103.4238,3.5115e-15,1.7764e-15,9.3259e-17,3.0399e-30,1.7764e-09,2.3427e-09,
4497,103.4474,4.5547e-15,1.3323e-15,7.6605e-17,1.9155e-30,1.3323e-09,1.8622e-09,
4498,103.4708,4.2249e-15,1.5543e-15,8.3267e-17,2.4636e-30,1.5543e-09,2.0993e-09,
4499,103.4943,3.9571e-15,1.3323e-15,5.6621e-17,1.2064e-30,1.3323e-09,1.4441e-09,
4500,103.5185,4.0058e-15,2.3315e-15,1.3878e-16,6.5913e-30,2.3315e-09,3.4322e-09,
4501,103.5449,5.3325e-15,6.6613e-16,3.8858e-17,5.0228e-31,6.6613e-10,9.3237e-10,
4502,103.5679,4.4781e-15,1.8874e-15,8.8263e-17,2.9139e-30,1.8874e-09,2.2582e-09,
4503,103.5915,3.5516e-15,1.4433e-15,9.5479e-17,2.8134e-30,1.4433e-09,2.3076e-09,
4504,103.6154,4.3674e-15,1.6653e-15,5.4401e-17,1.5766e-30,1.6653e-09,1.6148e-09,
4505,103.6384,4.3844e-15,2.6645e-15,1.7097e-16,9.2645e-30,2.6645e-09,4.1778e-09,
4506,103.6629,6.3378e-15,8.8818e-16,2.9976e-17,4.5336e-31,8.8818e-10,8.6958e-10,
4507,103.6846,5.6485e-15,3.2752e-15,1.954e-16,1.2027e-29,3.2752e-09,4.798e-09,
4508,103.7091,6.1293e-15,9.992e-16,4.4409e-17,7.5997e-31,9.992e-10,1.1513e-09,
4509,103.7313,6.0138e-15,1.6653e-15,1.0769e-16,3.6042e-30,1.6653e-09,2.5768e-09,
4510,103.755,4.1753e-15,2.3315e-15,9.6589e-17,3.8688e-30,2.3315e-09,2.5695e-09,
4511,103.7783,5.7121e-15,1.3878e-15,9.5479e-17,2.8319e-30,1.3878e-09,2.3036e-09,
4512,103.8022,5.2472e-15,1.7764e-15,9.6034e-17,3.2575e-30,1.7764e-09,2.4148e-09,
4513,103.8254,4.525e-15,1.6653e-15,6.8279e-17,1.9633e-30,1.6653e-09,1.7969e-09,
4514,103.8479,4.8117e-15,2.6645e-15,1.7153e-16,9.8427e-30,2.6645e-09,4.231e-09,
4515,103.872,6.1507e-15,6.6613e-16,3.3307e-17,3.64e-31,6.6613e-10,8.3396e-10,
4516,103.8937,5.2854e-15,3.1086e-15,1.7097e-16,1.0095e-29,3.1086e-09,4.2881e-09,
4517,103.9178,5.7646e-15,6.6613e-16,4.0523e-17,4.965e-31,6.6613e-10,9.4705e-10,
4518,103.9408,5.7036e-15,1.7764e-15,8.3267e-17,2.5407e-30,1.7764e-09,2.1273e-09,
4519,103.964,3.5129e-15,1.4433e-15,8.2157e-17,2.1817e-30,1.4433e-09,1.9917e-09,
4520,103.9878,4.5471e-15,1.6653e-15,8.1601e-17,2.4517e-30,1.6653e-09,2.0661e-09,
4521,104.0117,4.353e-15,1.3323e-15,6.8834e-17,1.6197e-30,1.3323e-09,1.6742e-09,
4522,104.0346,4.1482e-15,3.1086e-15,1.6875e-16,9.9625e-30,3.1086e-09,4.2283e-09,
4523,104.0586,6.2893e-15,8.8818e-16,4.5519e-17,7.2762e-31,8.8818e-10,1.133e-09,
4524,104.0813,5.8134e-15,2.3315e-15,1.2934e-16,5.7905e-30,2.3315e-09,3.2424e-09,
4525,104.1054,4.6766e-15,6.6613e-16,2.6645e-17,2.7156e-31,6.6613e-10,6.8627e-10,
4526,104.1271,4.6089e-15,1.9429e-15,1.3767e-16,5.8213e-30,1.9429e-09,3.2396e-09,
4527,104.1513,4.3172e-15,4.4409e-16,1.9429e-17,1.3135e-31,4.4409e-10,4.9745e-10,
4528,104.1722,4.0769e-15,3.3307e-15,2.1871e-16,1.6088e-29,3.3307e-09,5.4424e-09,
4529,104.1963,6.5924e-15,6.6613e-16,2.3315e-17,2.4652e-31,6.6613e-10,6.4788e-10,
4530,104.2173,6.9928e-15,9.4369e-16,4.996e-17,9.2599e-31,9.4369e-10,1.0956e-09,
4531,104.2397,2.1928e-15,1.6653e-15,7.5495e-17,2.3161e-30,1.6653e-09,1.6589e-09,
4532,104.2633,5.593e-15,8.8818e-16,6.8834e-17,1.3374e-30,8.8818e-10,1.4252e-09,
4533,104.2866,5.4802e-15,4.996e-16,1.9429e-17,1.6679e-31,4.996e-10,3.8103e-10,
4534,104.3075,3.2106e-15,3.9413e-15,2.3204e-16,1.7605e-29,3.9413e-09,4.9249e-09,
4535,104.3316,1.0072e-14,7.2164e-16,2.6645e-17,3.667e-31,7.2164e-10,7.3383e-10,
4536,104.3528,8.4551e-15,4.2188e-15,2.0595e-16,1.8349e-29,4.2188e-09,5.0206e-09,
4537,104.3771,1.0733e-14,1.3323e-15,6.5503e-17,1.5562e-30,1.3323e-09,1.7032e-09,
4538,104.4005,8.9567e-15,3.8858e-16,1.8874e-17,1.4059e-31,3.8858e-10,4.2564e-10,
4539,104.4223,2.0394e-15,1.3878e-15,5.7732e-17,1.3836e-30,1.3878e-09,1.5003e-09,
4540,104.4449,2.6703e-15,1.6098e-15,1.0103e-16,3.5237e-30,1.6098e-09,2.0909e-09,
4541,104.4689,5.673e-15,1.2212e-15,6.6058e-17,1.4857e-30,1.2212e-09,1.4666e-09,
4542,104.4921,6.2132e-15,2.2204e-15,1.5266e-16,6.7319e-30,2.2204e-09,3.1259e-09,
4543,104.5182,6.6238e-15,6.6613e-16,3.2752e-17,3.3627e-31,6.6613e-10,7.8428e-10,
4544,104.5406,5.1351e-15,2.6645e-15,1.6376e-16,8.2819e-30,2.6645e-09,3.8924e-09,
4545,104.5653,5.4771e-15,6.6613e-16,3.2752e-17,3.9173e-31,6.6613e-10,8.3144e-10,
4546,104.5879,5.3119e-15,3.4417e-15,1.8596e-16,1.1952e-29,3.4417e-09,4.5859e-09,
4547,104.6135,6.2725e-15,8.8818e-16,3.8858e-17,5.747e-31,8.8818e-10,9.9853e-10,
4548,104.637,6.5274e-15,1.6653e-15,8.3822e-17,2.5873e-30,1.6653e-09,2.1032e-09,
4549,104.6611,3.6936e-15,1.2212e-15,7.1054e-17,1.795e-30,1.2212e-09,1.7823e-09,
4550,104.6851,4.0697e-15,1.4433e-15,6.8834e-17,1.7861e-30,1.4433e-09,1.7545e-09,
4551,104.7092,3.8149e-15,1.2212e-15,6.6613e-17,1.3701e-30,1.2212e-09,1.6037e-09,
4552,104.7324,3.7805e-15,3.1086e-15,1.5987e-16,9.231e-30,3.1086e-09,4.045e-09,
4553,104.7573,6.1181e-15,7.7716e-16,5.218e-17,8.1968e-31,7.7716e-10,1.2751e-09,
4554,104.7805,5.3935e-15,2.5535e-15,7.6605e-17,3.655e-30,2.5535e-09,2.4148e-09,
4555,104.8038,4.5171e-15,4.6074e-15,2.6312e-16,2.312e-29,4.6074e-09,6.7242e-09,
4556,104.8295,9.5092e-15,2.2204e-16,1.2212e-17,5.8933e-32,2.2204e-10,3.1813e-10,
4557,104.8507,7.8697e-15,1.7764e-15,8.7708e-17,2.8492e-30,1.7764e-09,2.2354e-09,
4558,104.8732,3.4533e-15,1.6098e-15,1.0214e-16,3.4359e-30,1.6098e-09,2.5187e-09,
4559,104.896,4.6581e-15,9.992e-16,5.6621e-17,9.7722e-31,9.992e-10,1.3344e-09,
4560,104.918,3.8585e-15,2.3315e-15,1.3101e-16,5.4897e-30,2.3315e-09,3.1748e-09,
4561,104.9414,4.966e-15,5.5511e-16,3.4972e-17,3.979e-31,5.5511e-10,8.5756e-10,
4562,104.964,4.3112e-15,1.6653e-15,7.9936e-17,2.3962e-30,1.6653e-09,2.0508e-09,
4563,104.9866,3.1474e-15,1.2212e-15,6.3838e-17,1.424e-30,1.2212e-09,1.5766e-09,
4564,105.0099,4.0629e-15,2.6645e-15,1.5321e-16,8.3374e-30,2.6645e-09,3.848e-09,
4565,105.0332,5.6375e-15,5.5511e-16,3.2196e-17,3.1585e-31,5.5511e-10,7.5746e-10,
4566,105.0553,5.0677e-15,2.8866e-15,1.4377e-16,7.1001e-30,2.8866e-09,3.5713e-09,
4567,105.0785,5.0717e-15,7.7716e-16,4.7184e-17,7.8154e-31,7.7716e-10,1.1885e-09,
4568,105.1012,4.8271e-15,2.2204e-15,7.4385e-17,2.8334e-30,2.2204e-09,2.1281e-09,
4569,105.1229,3.877e-15,3.7748e-15,2.2982e-16,1.743e-29,3.7748e-09,5.753e-09,
4570,105.1471,8.8561e-15,1.4433e-15,7.0499e-17,1.8354e-30,1.4433e-09,1.7758e-09,
4571,105.1696,7.645e-15,1.2212e-15,6.1062e-17,1.3362e-30,1.2212e-09,1.5358e-09,
4572,105.1926,3.7386e-15,2.8866e-15,1.521e-16,8.3185e-30,2.8866e-09,3.8495e-09,
4573,105.2164,5.8341e-15,6.1062e-16,4.1078e-17,5.4542e-31,6.1062e-10,9.7901e-10,
4574,105.2381,5.1223e-15,1.6653e-15,7.5495e-17,2.1651e-30,1.6653e-09,1.9456e-09,
4575,105.2607,3.1573e-15,1.3323e-15,7.7716e-17,2.0295e-30,1.3323e-09,1.9158e-09,
4576,105.2832,4.2637e-15,1.7764e-15,7.9936e-17,2.4224e-30,1.7764e-09,2.0307e-09,
4577,105.3059,4.4503e-15,1.1657e-15,7.383e-17,1.7692e-30,1.1657e-09,1.7969e-09,
4578,105.3286,4.0371e-15,1.5543e-15,6.8834e-17,1.815e-30,1.5543e-09,1.749e-09,
4579,105.351,3.7564e-15,1.2212e-15,7.6605e-17,1.8755e-30,1.2212e-09,1.9079e-09,
4580,105.3739,3.7986e-15,1.5543e-15,5.8842e-17,1.5423e-30,1.5543e-09,1.6107e-09,
4581,105.3956,3.8475e-15,2.6645e-15,1.6653e-16,8.8547e-30,2.6645e-09,4.0757e-09,
4582,105.4192,6.0865e-15,1.2212e-15,4.2188e-17,8.8015e-31,1.2212e-09,1.2235e-09,
4583,105.4413,5.8981e-15,2.1649e-15,1.3156e-16,5.5085e-30,2.1649e-09,3.257e-09,
4584,105.4648,4.6963e-15,7.7716e-16,3.2196e-17,4.4258e-31,7.7716e-10,8.6526e-10,
4585,105.488,4.2013e-15,1.1657e-15,8.3267e-17,2.0908e-30,1.1657e-09,1.9839e-09,
4586,105.5117,3.1565e-15,1.6653e-15,5.3291e-17,1.5531e-30,1.6653e-09,1.6025e-09,
4587,105.534,4.3266e-15,2.8311e-15,1.6431e-16,8.451e-30,2.8311e-09,4.0771e-09,
4588,105.5587,6.0238e-15,1.1102e-15,4.7184e-17,9.1405e-31,1.1102e-09,1.25e-09,
4589,105.5812,5.2573e-15,1.7208e-15,1.199e-16,4.4897e-30,1.7208e-09,2.9027e-09,
4590,105.6043,4.4157e-15,2.4425e-15,9.9365e-17,4.1157e-30,2.4425e-09,2.6499e-09,
4591,105.6271,5.8588e-15,1.7208e-15,1.1047e-16,3.6843e-30,1.7208e-09,2.6607e-09,
4592,105.6497,5.3231e-15,1.8874e-15,6.5503e-17,2.102e-30,1.8874e-09,1.8884e-09,
4593,105.6715,4.7916e-15,3.2196e-15,1.9762e-16,1.2046e-29,3.2196e-09,4.8061e-09,
4594,105.6958,7.1902e-15,1.1102e-15,4.1078e-17,7.9656e-31,1.1102e-09,1.154e-09,
4595,105.7178,6.4918e-15,2.0539e-15,1.2768e-16,5.3325e-30,2.0539e-09,3.1932e-09,
4596,105.7414,4.6552e-15,6.6613e-16,2.3315e-17,2.6385e-31,6.6613e-10,6.6288e-10,
4597,105.7624,4.3713e-15,2.387e-15,1.4932e-16,7.2727e-30,2.387e-09,3.7109e-09,
4598,105.7867,5.172e-15,1.2212e-15,5.3291e-17,1.0554e-30,1.2212e-09,1.3466e-09,
4599,105.8087,5.3965e-15,2.1094e-15,1.1435e-16,4.4974e-30,2.1094e-09,2.8341e-09,
4600,105.8331,5.073e-15,2.2204e-15,1.1657e-16,4.7917e-30,2.2204e-09,2.9341e-09,
4601,105.8581,5.9614e-15,1.6653e-15,9.2149e-17,2.7995e-30,1.6653e-09,2.251e-09,
4602,105.8818,5.3039e-15,1.5543e-15,8.7708e-17,2.6085e-30,1.5543e-09,2.1702e-09,
4603,105.9042,4.4811e-15,1.3323e-15,7.272e-17,1.6675e-30,1.3323e-09,1.7343e-09,
4604,105.9278,3.9914e-15,1.4433e-15,7.7716e-17,2.0738e-30,1.4433e-09,1.9278e-09,
4605,105.9505,3.7803e-15,9.992e-16,6.3838e-17,1.2376e-30,9.992e-10,1.5114e-09,
4606,105.9728,3.5098e-15,2.7756e-15,1.3489e-16,6.5701e-30,2.7756e-09,3.3811e-09,
4607,105.996,5.4187e-15,8.3267e-16,4.996e-17,8.243e-31,8.3267e-10,1.2641e-09,
4608,106.0191,4.5861e-15,9.992e-16,2.609e-17,5.1962e-31,9.992e-10,9.1282e-10,
4609,106.0397,2.4118e-15,3.6082e-15,1.8263e-16,1.2188e-29,3.6082e-09,4.9225e-09,
4610,106.0631,6.0049e-15,8.8818e-16,1.9984e-17,4.0098e-31,8.8818e-10,7.9951e-10,
4611,106.0839,6.1533e-15,6.6613e-16,3.6082e-17,4.7031e-31,6.6613e-10,9.1754e-10,
4612,106.1059,1.9192e-15,9.4369e-16,5.6621e-17,1.0462e-30,9.4369e-10,1.2564e-09,
4613,106.1282,2.5809e-15,7.7716e-16,5.3846e-17,7.9233e-31,7.7716e-10,1.2842e-09,
4614,106.1499,2.7798e-15,2.2204e-15,7.7716e-17,2.9428e-30,2.2204e-09,2.1152e-09,
4615,106.1721,4.1646e-15,1.7208e-15,9.77e-17,3.2879e-30,1.7208e-09,2.4744e-09,
4616,106.1946,5.1472e-15,1.4433e-15,5.8287e-17,1.3855e-30,1.4433e-09,1.4999e-09,
4617,106.2159,4.1337e-15,2.1649e-15,1.4377e-16,6.6071e-30,2.1649e-09,3.4979e-09,
4618,106.239,5.75e-15,1.2212e-15,5.5511e-17,1.1802e-30,1.2212e-09,1.4329e-09,
4619,106.2606,5.3145e-15,2.2204e-15,1.3545e-16,5.6688e-30,2.2204e-09,3.2647e-09,
4620,106.2834,5.1978e-15,2.6645e-15,1.2879e-16,5.9966e-30,2.6645e-09,3.2882e-09,
4621,106.3073,6.7845e-15,4.4409e-16,2.8311e-17,2.2687e-31,4.4409e-10,6.8961e-10,
4622,106.3287,4.4042e-15,2.6645e-15,9.77e-17,4.3807e-30,2.6645e-09,2.7306e-09,
4623,106.3512,4.1893e-15,1.9984e-15,1.2434e-16,4.8811e-30,1.9984e-09,3.0607e-09,
4624,106.3755,6.0274e-15,8.8818e-16,3.9413e-17,5.8433e-31,8.8818e-10,9.8327e-10,
4625,106.3972,4.215e-15,1.6653e-15,8.9928e-17,2.8565e-30,1.6653e-09,2.2291e-09,
4626,106.4202,3.8678e-15,1.8874e-15,9.2149e-17,3.1755e-30,1.8874e-09,2.3597e-09,
4627,106.4428,4.889e-15,1.3323e-15,6.6613e-17,1.5377e-30,1.3323e-09,1.6539e-09,
4628,106.4646,4.4849e-15,3.4417e-15,1.7986e-16,1.1541e-29,3.4417e-09,4.5047e-09,
4629,106.4883,6.8349e-15,8.8818e-16,5.3291e-17,8.1505e-31,8.8818e-10,1.2433e-09,
4630,106.5101,6.2909e-15,2.2204e-15,1.1213e-16,4.2709e-30,2.2204e-09,2.7761e-09,
4631,106.5327,4.4145e-15,1.5543e-15,1.0159e-16,3.2621e-30,1.5543e-09,2.4198e-09,
4632,106.5552,5.4798e-15,1.8874e-15,8.1046e-17,2.63e-30,1.8874e-09,2.126e-09,
4633,106.5778,4.9644e-15,1.3323e-15,8.9928e-17,2.513e-30,1.3323e-09,2.1738e-09,
4634,106.6004,4.3945e-15,1.7764e-15,5.6621e-17,1.7595e-30,1.7764e-09,1.7121e-09,
4635,106.622,4.5603e-15,3.0531e-15,1.8374e-16,1.0715e-29,3.0531e-09,4.5482e-09,
4636,106.6453,6.7094e-15,1.3323e-15,4.996e-17,1.1263e-30,1.3323e-09,1.3629e-09,
4637,106.667,6.0944e-15,2.2204e-15,1.4211e-16,6.7423e-30,2.2204e-09,3.549e-09,
4638,106.6904,5.5834e-15,1.2212e-15,5.107e-17,1.0785e-30,1.2212e-09,1.3555e-09,
4639,106.7122,5.3499e-15,1.8319e-15,1.2323e-16,4.8241e-30,1.8319e-09,3.0014e-09,
4640,106.7352,4.7203e-15,2.5535e-15,1.088e-16,4.8549e-30,2.5535e-09,2.8667e-09,
4641,106.7581,6.1078e-15,1.7764e-15,1.2212e-16,4.5575e-30,1.7764e-09,2.9365e-09,
4642,106.7808,5.9241e-15,2.4425e-15,9.881e-17,4.1696e-30,2.4425e-09,2.6463e-09,
4643,106.8041,5.7541e-15,1.7208e-15,1.1158e-16,3.8538e-30,1.7208e-09,2.6778e-09,
4644,106.8271,5.3922e-15,1.9984e-15,8.4377e-17,2.8766e-30,1.9984e-09,2.2414e-09,
4645,106.8503,4.8878e-15,1.3323e-15,8.4377e-17,2.1401e-30,1.3323e-09,2.017e-09,
4646,106.8736,4.7021e-15,1.7764e-15,8.8818e-17,2.912e-30,1.7764e-09,2.2643e-09,
4647,106.8964,4.3829e-15,1.3323e-15,6.8834e-17,1.6178e-30,1.3323e-09,1.7015e-09,
4648,106.9188,4.375e-15,3.3307e-15,1.7875e-16,1.114e-29,3.3307e-09,4.4894e-09,
4649,106.9424,6.6524e-15,8.8818e-16,5.6621e-17,9.3831e-31,8.8818e-10,1.372e-09,
4650,106.9651,6.0649e-15,2.6645e-15,1.0991e-16,4.9643e-30,2.6645e-09,2.9257e-09,
4651,106.9881,4.9129e-15,1.7764e-15,1.2379e-16,4.8799e-30,1.7764e-09,3.0202e-09,
4652,107.0113,6.3342e-15,2.4425e-15,1.0991e-16,4.7382e-30,2.4425e-09,2.862e-09,
4653,107.0342,5.9847e-15,1.7764e-15,9.8255e-17,3.2822e-30,1.7764e-09,2.4113e-09,
4654,107.0571,5.9139e-15,1.9984e-15,9.6034e-17,3.5087e-30,1.9984e-09,2.4782e-09,
4655,107.08,5.2647e-15,1.4433e-15,8.1601e-17,2.0989e-30,1.4433e-09,1.9512e-09,
4656,107.103,4.8525e-15,1.7764e-15,8.7708e-17,2.9551e-30,1.7764e-09,2.258e-09,
4657,107.126,4.5538e-15,1.3323e-15,6.9944e-17,1.6887e-30,1.3323e-09,1.7145e-09,
4658,107.1481,4.3524e-15,3.1086e-15,1.6209e-16,9.3708e-30,3.1086e-09,4.0837e-09,
4659,107.1718,6.2946e-15,8.8818e-16,4.774e-17,8.0735e-31,8.8818e-10,1.1812e-09,
4660,107.1939,5.7526e-15,2.5535e-15,1.2657e-16,6.1291e-30,2.5535e-09,3.2347e-09,
4661,107.2175,4.8438e-15,4.996e-16,3.5527e-17,3.5745e-31,4.996e-10,8.2579e-10,
4662,107.2396,4.2591e-15,1.4433e-15,5.107e-17,1.2187e-30,1.4433e-09,1.451e-09,
4663,107.2617,2.6973e-15,2.5535e-15,1.5377e-16,7.1803e-30,2.5535e-09,3.6853e-09,
4664,107.2852,5.5948e-15,8.8818e-16,3.6637e-17,5.408e-31,8.8818e-10,9.4808e-10,
4665,107.3072,4.8587e-15,1.3323e-15,8.8818e-17,2.61e-30,1.3323e-09,2.1943e-09,
4666,107.33,3.6541e-15,1.7764e-15,7.7161e-17,2.3269e-30,1.7764e-09,1.9795e-09,
4667,107.3531,4.4325e-15,1.3323e-15,8.4377e-17,2.288e-30,1.3323e-09,2.0793e-09,
4668,107.3765,4.3705e-15,1.6653e-15,7.9936e-17,2.3978e-30,1.6653e-09,2.0357e-09,
4669,107.3997,4.1874e-15,1.1102e-15,6.9944e-17,1.535e-30,1.1102e-09,1.6885e-09,
4670,107.4227,3.8981e-15,1.4433e-15,6.1617e-17,1.5565e-30,1.4433e-09,1.6034e-09,
4671,107.4448,3.6377e-15,2.3315e-15,1.4988e-16,7.4649e-30,2.3315e-09,3.7125e-09,
4672,107.4686,5.943e-15,1.3323e-15,6.2172e-17,1.4206e-30,1.3323e-09,1.5523e-09,
4673,107.4915,5.7645e-15,9.992e-16,6.2172e-17,1.2083e-30,9.992e-10,1.5304e-09,
4674,107.5144,2.8452e-15,1.2212e-15,4.774e-17,9.5873e-31,1.2212e-09,1.2798e-09,
4675,107.5366,2.8698e-15,2.0539e-15,1.3378e-16,5.6595e-30,2.0539e-09,3.2675e-09,
4676,107.5608,4.997e-15,1.1102e-15,4.4409e-17,8.3701e-31,1.1102e-09,1.1758e-09,
4677,107.583,4.8384e-15,1.6653e-15,1.0436e-16,3.5052e-30,1.6653e-09,2.5894e-09,
4678,107.6057,4.1711e-15,2.3315e-15,9.1038e-17,3.5637e-30,2.3315e-09,2.4579e-09,
4679,107.6288,5.4298e-15,1.6653e-15,1.0436e-16,3.5822e-30,1.6653e-09,2.539e-09,
4680,107.6516,5.7134e-15,2.1094e-15,9.1038e-17,3.3373e-30,2.1094e-09,2.3845e-09,
4681,107.6746,5.3982e-15,1.3323e-15,8.9928e-17,2.6012e-30,1.3323e-09,2.1751e-09,
4682,107.6976,4.8819e-15,1.7764e-15,7.5495e-17,2.3635e-30,1.7764e-09,2.0118e-09,
4683,107.7203,4.4128e-15,1.1102e-15,7.5495e-17,1.706e-30,1.1102e-09,1.8185e-09,
4684,107.7433,3.9796e-15,1.7764e-15,6.9389e-17,2.0973e-30,1.7764e-09,1.9e-09,
4685,107.7659,4.0805e-15,1.2768e-15,8.7153e-17,2.2684e-30,1.2768e-09,2.0789e-09,
4686,107.7889,4.1087e-15,1.5543e-15,4.885e-17,1.3528e-30,1.5543e-09,1.4902e-09,
4687,107.8109,4.1009e-15,2.498e-15,1.4877e-16,7.0674e-30,2.498e-09,3.7154e-09,
4688,107.8347,5.6604e-15,9.992e-16,4.5519e-17,7.9348e-31,9.992e-10,1.1757e-09,
4689,107.8569,4.8265e-15,1.3878e-15,9.5479e-17,2.7029e-30,1.3878e-09,2.2286e-09,
4690,107.8795,3.7622e-15,1.7764e-15,8.2712e-17,2.575e-30,1.7764e-09,2.1227e-09,
4691,107.9028,4.5182e-15,1.2768e-15,8.7708e-17,2.3558e-30,1.2768e-09,2.1021e-09,
4692,107.9257,4.2307e-15,1.7764e-15,7.494e-17,2.3223e-30,1.7764e-09,1.974e-09,
4693,107.9485,4.2423e-15,1.2768e-15,8.6597e-17,2.345e-30,1.2768e-09,2.0962e-09,
4694,107.9717,4.2477e-15,1.8874e-15,6.7724e-17,2.2202e-30,1.8874e-09,1.9206e-09,
4695,107.9936,4.532e-15,3.0531e-15,2.0206e-16,1.3371e-29,3.0531e-09,4.9921e-09,
4696,108.0173,7.76e-15,1.4433e-15,6.1617e-17,1.5627e-30,1.4433e-09,1.6167e-09,
4697,108.0393,7.2102e-15,1.9984e-15,1.3767e-16,5.9396e-30,1.9984e-09,3.2986e-09,
4698,108.063,5.419e-15,1.1102e-15,5.3846e-17,1.062e-30,1.1102e-09,1.3233e-09,
4699,108.0853,5.0113e-15,2.1094e-15,1.199e-16,4.8907e-30,2.1094e-09,2.957e-09,
4700,108.1098,4.8808e-15,2.5535e-15,1.2212e-16,5.5656e-30,2.5535e-09,3.1141e-09,
4701,108.1366,6.3991e-15,1.9984e-15,1.0769e-16,3.8827e-30,1.9984e-09,2.6706e-09,
4702,108.1601,6.2009e-15,2.3315e-15,1.1435e-16,4.7875e-30,2.3315e-09,2.8942e-09,
4703,108.1835,5.9394e-15,1.6653e-15,9.3259e-17,3.1077e-30,1.6653e-09,2.3461e-09,
4704,108.2067,5.5157e-15,2.1094e-15,1.0159e-16,3.7675e-30,2.1094e-09,2.5487e-09,
4705,108.2299,5.2393e-15,1.5543e-15,8.6597e-17,2.5977e-30,1.5543e-09,2.1648e-09,
4706,108.253,5.0725e-15,2.1094e-15,9.5479e-17,3.615e-30,2.1094e-09,2.469e-09,
4707,108.2758,5.0438e-15,1.5543e-15,8.9928e-17,2.6963e-30,1.5543e-09,2.236e-09,
4708,108.2988,5.0798e-15,2.1094e-15,8.9928e-17,3.2371e-30,2.1094e-09,2.3351e-09,
4709,108.3215,5.0942e-15,1.6653e-15,1.0714e-16,3.692e-30,1.6653e-09,2.617e-09,
4710,108.3446,5.0261e-15,1.9984e-15,6.9944e-17,2.4313e-30,1.9984e-09,1.9951e-09,
4711,108.3669,5.088e-15,3.4972e-15,2.226e-16,1.5875e-29,3.4972e-09,5.4976e-09,
4712,108.3907,8.1765e-15,1.5543e-15,6.4948e-17,1.6844e-30,1.5543e-09,1.7174e-09,
4713,108.4134,7.5938e-15,1.1657e-15,7.9381e-17,1.934e-30,1.1657e-09,1.8871e-09,
4714,108.4366,3.633e-15,1.5543e-15,6.2172e-17,1.6471e-30,1.5543e-09,1.6592e-09,
4715,108.4587,3.5985e-15,2.5535e-15,1.7375e-16,9.4112e-30,2.5535e-09,4.188e-09,
4716,108.4826,6.6057e-15,1.1102e-15,6.4393e-17,1.5931e-30,1.1102e-09,1.6265e-09,
4717,108.5053,5.9491e-15,9.992e-16,4.3854e-17,7.1067e-31,9.992e-10,1.1112e-09,
4718,108.5276,3.0253e-15,1.9984e-15,1.1768e-16,4.7239e-30,1.9984e-09,2.9258e-09,
4719,108.5512,4.3331e-15,6.6613e-16,3.4972e-17,4.1639e-31,6.6613e-10,8.64e-10,
4720,108.5724,3.9345e-15,3.4417e-15,1.7431e-16,1.1204e-29,3.4417e-09,4.4272e-09,
4721,108.5962,6.1604e-15,8.8818e-16,5.5511e-17,9.387e-31,8.8818e-10,1.3266e-09,
4722,108.619,6.0663e-15,1.3323e-15,4.0523e-17,9.6951e-31,1.3323e-09,1.2452e-09,
4723,108.6406,3.0983e-15,1.0436e-14,3.586e-16,6.2697e-29,1.0436e-08,1.0269e-08,
4724,108.6648,1.9857e-14,8.5487e-15,2.8921e-16,4.62e-29,8.5487e-09,8.694e-09,
4725,108.6884,2.6364e-14,6.7724e-15,2.5702e-16,3.2638e-29,6.7724e-09,7.2272e-09,
4726,108.7122,2.2855e-14,5.5511e-16,2.387e-17,2.1147e-31,5.5511e-10,6.0938e-10,
4727,108.7339,1.1838e-14,1.9984e-15,1.0436e-16,3.3407e-30,1.9984e-09,2.5056e-09,
4728,108.7579,3.5791e-15,3.3307e-16,9.4369e-18,5.7393e-32,3.3307e-10,3.2717e-10,
4729,108.7789,3.4061e-15,6.1062e-16,3.3307e-17,3.2664e-31,6.1062e-10,7.1593e-10,
4730,108.8003,1.4487e-15,1.5543e-15,9.77e-17,2.8627e-30,1.5543e-09,2.1867e-09,
4731,108.8232,3.9982e-15,7.7716e-16,5.6066e-17,8.971e-31,7.7716e-10,1.2036e-09,
4732,108.8452,4.7921e-15,1.9984e-15,1.3434e-16,5.0463e-30,1.9984e-09,2.9458e-09,
4733,108.8689,5.7001e-15,6.6613e-16,3.3307e-17,3.8827e-31,6.6613e-10,8.1715e-10,
4734,108.8909,4.362e-15,1.3323e-15,6.2172e-17,1.367e-30,1.3323e-09,1.5491e-09,
4735,108.913,2.9767e-15,2.4425e-15,1.521e-16,7.6841e-30,2.4425e-09,3.711e-09,
4736,108.9366,5.6237e-15,7.7716e-16,4.1078e-17,5.5621e-31,7.7716e-10,1.0002e-09,
4737,108.9587,4.9538e-15,1.8874e-15,1.1546e-16,4.3129e-30,1.8874e-09,2.8145e-09,
4738,108.9813,3.9255e-15,1.5543e-15,6.3283e-17,1.5731e-30,1.5543e-09,1.645e-09,
4739,109.0033,4.9382e-15,2.5535e-15,1.5876e-16,8.1382e-30,2.5535e-09,3.8892e-09,
4740,109.0271,5.4991e-15,7.7716e-16,3.7192e-17,5.1037e-31,7.7716e-10,9.3976e-10,
4741,109.0491,4.6723e-15,1.8874e-15,1.0547e-16,3.7702e-30,1.8874e-09,2.5771e-09,
4742,109.0719,3.8194e-15,1.6653e-15,7.8826e-17,2.2926e-30,1.6653e-09,1.963e-09,
4743,109.095,4.9758e-15,1.6653e-15,8.8818e-17,2.8338e-30,1.6653e-09,2.2182e-09,
4744,109.1178,4.6367e-15,1.2212e-15,6.8279e-17,1.518e-30,1.2212e-09,1.6601e-09,
4745,109.1403,3.9939e-15,2.8866e-15,1.5599e-16,8.362e-30,2.8866e-09,3.8732e-09,
4746,109.1638,5.8571e-15,8.8818e-16,5.8842e-17,1.1097e-30,8.8818e-10,1.4418e-09,
4747,109.1863,5.4139e-15,1.2212e-15,4.5519e-17,9.7876e-31,1.2212e-09,1.2784e-09,
4748,109.2086,3.0313e-15,1.8874e-15,1.2379e-16,5.0248e-30,1.8874e-09,3.075e-09,
4749,109.2321,5.0087e-15,2.3315e-15,9.5479e-17,3.8303e-30,2.3315e-09,2.5427e-09,
4750,109.2553,6.1137e-15,1.5543e-15,1.0769e-16,3.724e-30,1.5543e-09,2.6365e-09,
4751,109.2783,5.602e-15,1.9984e-15,9.5479e-17,3.4359e-30,1.9984e-09,2.4546e-09,
4752,109.3011,5.1133e-15,1.6653e-15,8.8818e-17,2.6874e-30,1.6653e-09,2.1908e-09,
4753,109.3245,5.135e-15,1.8874e-15,9.2149e-17,3.1169e-30,1.8874e-09,2.3289e-09,
4754,109.3487,4.8742e-15,1.6653e-15,8.8263e-17,2.7306e-30,1.6653e-09,2.2378e-09,
4755,109.3718,4.8994e-15,1.8874e-15,9.5479e-17,3.3758e-30,1.8874e-09,2.4102e-09,
4756,109.3954,5.0132e-15,1.5543e-15,7.2164e-17,1.9552e-30,1.5543e-09,1.8469e-09,
4757,109.4173,4.8049e-15,3.2196e-15,1.8652e-16,1.2243e-29,3.2196e-09,4.6974e-09,
4758,109.4414,6.9015e-15,8.8818e-16,4.774e-17,7.4456e-31,8.8818e-10,1.149e-09,
4759,109.4634,6.2472e-15,2.1094e-15,1.2546e-16,5.3264e-30,2.1094e-09,3.1124e-09,
4760,109.4876,4.4696e-15,4.996e-16,3.3307e-17,3.6708e-31,4.996e-10,8.3726e-10,
4761,109.5101,3.8856e-15,1.4433e-15,6.2172e-17,1.59e-30,1.4433e-09,1.6525e-09,
4762,109.5331,2.6431e-15,1.3323e-15,6.8279e-17,1.6721e-30,1.3323e-09,1.7015e-09,
4763,109.5548,3.9097e-15,3.3307e-15,1.6875e-16,1.0549e-29,3.3307e-09,4.2859e-09,
4764,109.5791,6.5855e-15,9.992e-16,5.4401e-17,1.0369e-30,9.992e-10,1.3654e-09,
4765,109.6009,6.2058e-15,2.7756e-15,1.3101e-16,6.2693e-30,2.7756e-09,3.302e-09,
4766,109.6258,5.2213e-15,8.8818e-16,5.7176e-17,1.1529e-30,8.8818e-10,1.4303e-09,
4767,109.6481,5.0203e-15,9.992e-16,4.6629e-17,8.5511e-31,9.992e-10,1.2002e-09,
4768,109.6712,2.7084e-15,1.7764e-15,9.77e-17,3.0907e-30,1.7764e-09,2.3634e-09,
4769,109.6938,4.1055e-15,1.6653e-15,1.0547e-16,3.7255e-30,1.6653e-09,2.5872e-09,
4770,109.7173,4.8833e-15,1.1102e-15,6.1062e-17,1.2345e-30,1.1102e-09,1.4348e-09,
4771,109.7393,4.1937e-15,2.5535e-15,1.5155e-16,7.6147e-30,2.5535e-09,3.7229e-09,
4772,109.7635,5.5857e-15,4.996e-16,3.5527e-17,3.8827e-31,4.996e-10,8.5029e-10,
4773,109.7851,4.6492e-15,1.4433e-15,6.2728e-17,1.518e-30,1.4433e-09,1.5848e-09,
4774,109.8079,2.7623e-15,2.5535e-15,1.5432e-16,7.79e-30,2.5535e-09,3.7178e-09,
4775,109.8313,6.3247e-15,9.992e-16,5.107e-17,9.6643e-31,9.992e-10,1.3077e-09,
4776,109.8535,5.6583e-15,1.8874e-15,1.1657e-16,4.254e-30,1.8874e-09,2.7959e-09,
4777,109.8758,4.354e-15,2.3315e-15,1.1602e-16,4.8476e-30,2.3315e-09,2.9295e-09,
4778,109.8987,5.8847e-15,2.2204e-15,1.088e-16,4.1635e-30,2.2204e-09,2.6994e-09,
4779,109.9217,6.289e-15,1.9984e-15,1.1491e-16,4.5872e-30,1.9984e-09,2.8697e-09,
4780,109.9446,5.763e-15,1.5543e-15,8.7708e-17,2.4764e-30,1.5543e-09,2.1394e-09,
4781,109.9673,4.8667e-15,1.4433e-15,7.8826e-17,2.2156e-30,1.4433e-09,1.9709e-09,
4782,109.99,4.2088e-15,1.1102e-15,7.2164e-17,1.6274e-30,1.1102e-09,1.7606e-09,
4783,110.0125,3.5607e-15,1.2212e-15,5.107e-17,1.0785e-30,1.2212e-09,1.3555e-09,
4784,110.0346,3.3556e-15,1.9429e-15,1.2712e-16,5.1449e-30,1.9429e-09,3.1053e-09,
4785,110.0581,4.8616e-15,8.8818e-16,4.4409e-17,7.2107e-31,8.8818e-10,1.1307e-09,
4786,110.0801,4.4633e-15,1.8874e-15,8.2157e-17,2.516e-30,1.8874e-09,2.1052e-09,
4787,110.102,3.9747e-15,3.2196e-15,2.065e-16,1.4851e-29,3.2196e-09,5.1901e-09,
4788,110.1254,7.5842e-15,7.7716e-16,5.3291e-17,8.7553e-31,7.7716e-10,1.2845e-09,
4789,110.1473,6.3179e-15,2.3315e-15,1.0658e-16,4.2621e-30,2.3315e-09,2.7435e-09,
4790,110.1698,4.3414e-15,1.8874e-15,1.1657e-16,4.3048e-30,1.8874e-09,2.8433e-09,
4791,110.1927,5.8724e-15,2.3315e-15,1.1768e-16,5.0232e-30,2.3315e-09,2.9733e-09,
4792,110.2154,5.8338e-15,1.8874e-15,9.77e-17,3.3295e-30,1.8874e-09,2.4606e-09,
4793,110.2381,5.8652e-15,2.2204e-15,1.0159e-16,3.9493e-30,2.2204e-09,2.6065e-09,
4794,110.2609,5.7142e-15,1.3323e-15,8.3267e-17,2.2992e-30,1.3323e-09,2.0218e-09,
4795,110.2832,5.0181e-15,1.5543e-15,8.4932e-17,2.5364e-30,1.5543e-09,2.1107e-09,
4796,110.306,4.1232e-15,1.1102e-15,6.6058e-17,1.3162e-30,1.1102e-09,1.6037e-09,
4797,110.3286,3.7259e-15,1.4433e-15,5.8842e-17,1.4887e-30,1.4433e-09,1.5738e-09,
4798,110.3507,3.5558e-15,2.2204e-15,1.5543e-16,7.3883e-30,2.2204e-09,3.7232e-09,
4799,110.3746,5.8784e-15,1.1102e-15,6.1062e-17,1.305e-30,1.1102e-09,1.532e-09,
4800,110.4008,5.3518e-15,1.2212e-15,4.996e-17,1.0354e-30,1.2212e-09,1.3144e-09,
4801,110.4262,3.2472e-15,2.0539e-15,1.3323e-16,5.7936e-30,2.0539e-09,3.3292e-09,
4802,110.4505,4.5123e-15,5.5511e-16,2.5535e-17,2.5153e-31,5.5511e-10,6.6696e-10,
4803,110.4718,3.9669e-15,2.7756e-15,1.5266e-16,8.1032e-30,2.7756e-09,3.7868e-09,
4804,110.4962,5.1231e-15,7.7716e-16,3.6637e-17,5.0228e-31,7.7716e-10,9.0617e-10,
4805,110.5179,5.3755e-15,3.4417e-15,2.0928e-16,1.4164e-29,3.4417e-09,5.0103e-09,
4806,110.5419,6.6877e-15,1.1102e-15,4.0523e-17,7.6613e-31,1.1102e-09,1.1319e-09,
4807,110.5645,7.1157e-15,1.5543e-15,9.881e-17,3.2248e-30,1.5543e-09,2.465e-09,
4808,110.5875,3.5234e-15,1.2212e-15,3.3307e-17,7.6883e-31,1.2212e-09,1.1026e-09,
4809,110.6084,3.8516e-15,2.276e-15,6.7724e-17,2.7918e-30,2.276e-09,1.5144e-09,
4810,110.6305,4.4565e-15,3.9968e-15,2.6534e-16,2.18e-29,3.9968e-09,6.1506e-09,
4811,110.6541,1.2806e-14,4.996e-16,2.5535e-17,2.2071e-31,4.996e-10,6.0537e-10,
4812,110.6763,8.4255e-15,6.1062e-16,3.6637e-17,4.0984e-31,6.1062e-10,7.862e-10,
4813,110.6975,2.0363e-15,2.5535e-15,1.2212e-16,5.5744e-30,2.5535e-09,2.7604e-09,
4814,110.7216,6.9884e-15,2.2204e-15,1.3878e-16,5.9985e-30,2.2204e-09,3.2595e-09,
4815,110.745,8.4889e-15,5.5511e-16,2.5535e-17,2.0839e-31,5.5511e-10,5.9691e-10,
4816,110.7668,4.2335e-15,2.1094e-15,1.2434e-16,4.915e-30,2.1094e-09,2.934e-09,
4817,110.7894,4.6314e-15,2.4425e-15,1.2879e-16,5.6195e-30,2.4425e-09,3.1193e-09,
4818,110.8132,6.5869e-15,5.5511e-16,3.6637e-17,3.667e-31,5.5511e-10,8.4797e-10,
4819,110.8353,4.4575e-15,1.4433e-15,8.2712e-17,2.0896e-30,1.4433e-09,1.998e-09,
4820,110.8583,2.9713e-15,1.1102e-15,5.9397e-17,1.1143e-30,1.1102e-09,1.4149e-09,
4821,110.88,3.7361e-15,2.5535e-15,1.4211e-16,6.7053e-30,2.5535e-09,3.4794e-09,
4822,110.9043,5.3861e-15,8.8818e-16,4.774e-17,7.7345e-31,8.8818e-10,1.2025e-09,
4823,110.9263,5.0066e-15,2.3315e-15,1.1657e-16,4.8738e-30,2.3315e-09,2.9167e-09,
4824,110.9492,4.5811e-15,1.9984e-15,1.088e-16,4.0633e-30,1.9984e-09,2.7024e-09,
4825,110.9717,6.013e-15,2.1094e-15,1.2323e-16,5.1892e-30,2.1094e-09,3.0937e-09,
4826,110.9953,5.6583e-15,6.6613e-16,2.9421e-17,3.5476e-31,6.6613e-10,7.6692e-10,
4827,111.0165,4.2148e-15,2.9976e-15,1.6598e-16,9.5915e-30,2.9976e-09,4.0979e-09,
4828,111.0406,5.5642e-15,6.6613e-16,3.6637e-17,4.2101e-31,6.6613e-10,8.7761e-10,
4829,111.0619,5.5148e-15,3.5527e-15,1.8319e-16,1.1757e-29,3.5527e-09,4.5756e-09,
4830,111.0856,6.3624e-15,9.992e-16,6.3838e-17,1.3347e-30,9.992e-10,1.5617e-09,
4831,111.1089,6.5121e-15,1.3323e-15,4.774e-17,1.0727e-30,1.3323e-09,1.3266e-09,
4832,111.1311,3.3711e-15,2.387e-15,1.4877e-16,7.3821e-30,2.387e-09,3.7421e-09,
4833,111.1543,5.6123e-15,5.5511e-16,2.9976e-17,2.9736e-31,5.5511e-10,7.3141e-10,
4834,111.1767,4.8327e-15,9.992e-16,5.4401e-17,9.3562e-31,9.992e-10,1.2892e-09,
4835,111.1993,2.3648e-15,2.2204e-15,1.2601e-16,5.1295e-30,2.2204e-09,3.0478e-09,
4836,111.2216,4.7228e-15,1.7764e-15,9.2149e-17,2.7229e-30,1.7764e-09,2.2128e-09,
4837,111.244,5.6986e-15,1.7764e-15,1.1213e-16,4.1277e-30,1.7764e-09,2.7533e-09,
4838,111.2661,4.9569e-15,1.6653e-15,7.4385e-17,2.0831e-30,1.6653e-09,1.886e-09,
4839,111.2888,4.7902e-15,3.1086e-15,2.0206e-16,1.3628e-29,3.1086e-09,5.0372e-09,
4840,111.3126,7.0011e-15,9.992e-16,4.1078e-17,7.1067e-31,9.992e-10,1.0965e-09,
4841,111.3341,6.4453e-15,1.8874e-15,1.1879e-16,4.5949e-30,1.8874e-09,2.9162e-09,
4842,111.3574,4.2706e-15,3.3307e-16,2.3315e-17,1.6486e-31,3.3307e-10,5.5477e-10,
4843,111.3778,3.6395e-15,2.2204e-15,9.881e-17,3.7132e-30,2.2204e-09,2.5604e-09,
4844,111.4016,3.744e-15,1.8874e-15,1.088e-16,3.8858e-30,1.8874e-09,2.6603e-09,
4845,111.4239,5.8219e-15,1.7764e-15,9.7145e-17,3.3977e-30,1.7764e-09,2.4665e-09,
4846,111.4462,5.1084e-15,1.2212e-15,7.8826e-17,2.1077e-30,1.2212e-09,1.9477e-09,
4847,111.4683,4.1735e-15,1.7764e-15,6.3283e-17,1.9429e-30,1.7764e-09,1.795e-09,
4848,111.4898,4.2715e-15,3.0531e-15,1.9096e-16,1.1967e-29,3.0531e-09,4.7962e-09,
4849,111.5139,7.1633e-15,1.2212e-15,5.218e-17,1.1186e-30,1.2212e-09,1.3644e-09,
4850,111.5351,6.5495e-15,2.1094e-15,1.3767e-16,6.1707e-30,2.1094e-09,3.3536e-09,
4851,111.5583,5.3271e-15,8.8818e-16,5.218e-17,8.4741e-31,8.8818e-10,1.2668e-09,
4852,111.5796,4.8777e-15,1.6653e-15,8.4377e-17,2.288e-30,1.6653e-09,2.044e-09,
4853,111.6022,3.6918e-15,1.4988e-15,9.77e-17,3.1832e-30,1.4988e-09,2.4298e-09,
4854,111.6254,4.3896e-15,1.4433e-15,4.774e-17,1.1929e-30,1.4433e-09,1.393e-09,
4855,111.6461,4.2217e-15,1.8319e-15,1.3656e-16,5.1569e-30,1.8319e-09,2.879e-09,
4856,111.6691,4.5479e-15,5.5511e-16,2.5535e-17,2.3882e-31,5.5511e-10,6.4799e-10,
4857,111.6905,4.137e-15,2.3315e-15,1.4877e-16,7.6301e-30,2.3315e-09,3.6829e-09,
4858,111.7137,4.7024e-15,7.7716e-16,2.7756e-17,3.5283e-31,7.7716e-10,7.4452e-10,
4859,111.7352,5.0663e-15,1.9984e-15,1.2434e-16,4.576e-30,1.9984e-09,2.885e-09,
4860,111.7583,3.9109e-15,1.6653e-16,1.1102e-17,3.6978e-32,1.6653e-10,2.6008e-10,
4861,111.778,3.4093e-15,1.4433e-15,6.0507e-17,1.3809e-30,1.4433e-09,1.3912e-09,
4862,111.8003,2.6372e-15,2.276e-15,1.7097e-16,8.1971e-30,2.276e-09,3.7875e-09,
4863,111.8234,7.0644e-15,9.992e-16,6.2172e-17,1.1386e-30,9.992e-10,1.4716e-09,
4864,111.8466,5.6016e-15,9.992e-16,4.774e-17,7.7499e-31,9.992e-10,1.1696e-09,
4865,111.8681,2.9623e-15,1.7764e-15,1.1657e-16,4.6149e-30,1.7764e-09,2.8645e-09,
4866,111.8911,4.1267e-15,2.7756e-16,1.9984e-17,1.1286e-31,2.7756e-10,4.7224e-10,
4867,111.9119,3.4275e-15,1.5543e-15,6.8834e-17,1.7765e-30,1.5543e-09,1.784e-09,
4868,111.9342,2.6423e-15,1.1657e-15,7.9381e-17,1.8847e-30,1.1657e-09,1.8967e-09,
4869,111.9572,3.6743e-15,1.4433e-15,5.7732e-17,1.4129e-30,1.4433e-09,1.5399e-09,
4870,111.9787,3.5747e-15,2.609e-15,1.7097e-16,8.7607e-30,2.609e-09,4.0831e-09,
4871,112.0017,6.0835e-15,8.8818e-16,4.6629e-17,7.5535e-31,8.8818e-10,1.1654e-09,
4872,112.0232,5.3979e-15,1.8874e-15,9.4369e-17,2.9459e-30,1.8874e-09,2.3145e-09,
4873,112.0454,3.978e-15,1.6653e-15,1.0603e-16,3.5919e-30,1.6653e-09,2.5705e-09,
4874,112.0685,4.8958e-15,1.3323e-15,6.2728e-17,1.3917e-30,1.3323e-09,1.5436e-09,
4875,112.0901,4.3411e-15,2.5535e-15,1.6653e-16,9.2772e-30,2.5535e-09,4.104e-09,
4876,112.113,5.9459e-15,8.8818e-16,3.7748e-17,5.747e-31,8.8818e-10,9.7537e-10,
4877,112.1337,5.4975e-15,3.1641e-15,2.1039e-16,1.479e-29,3.1641e-09,5.2301e-09,
4878,112.1566,6.6407e-15,8.8818e-16,4.6629e-17,7.0412e-31,8.8818e-10,1.15e-09,
4879,112.1791,6.5307e-15,1.9984e-15,1.199e-16,4.8718e-30,1.9984e-09,2.9789e-09,
4880,112.2016,4.2323e-15,1.7764e-15,8.3267e-17,2.4948e-30,1.7764e-09,2.0945e-09,
4881,112.224,5.1652e-15,1.6098e-15,1.0769e-16,3.8195e-30,1.6098e-09,2.664e-09,
4882,112.2463,4.6501e-15,1.4433e-15,6.3283e-17,1.5088e-30,1.4433e-09,1.6245e-09,
4883,112.2678,4.3654e-15,2.5535e-15,1.6764e-16,9.152e-30,2.5535e-09,4.1528e-09,
4884,112.2925,5.9105e-15,6.6613e-16,2.9976e-17,3.2972e-31,6.6613e-10,7.7584e-10,
4885,112.3142,5.2244e-15,2.4425e-15,1.5821e-16,8.5423e-30,2.4425e-09,3.9173e-09,
4886,112.3372,5.0908e-15,6.6613e-16,3.1086e-17,3.667e-31,6.6613e-10,8.0059e-10,
4887,112.358,5.0411e-15,2.7756e-15,1.6875e-16,9.7005e-30,2.7756e-09,4.1875e-09,
4888,112.3812,5.5177e-15,7.7716e-16,3.5527e-17,4.6376e-31,7.7716e-10,8.8423e-10,
4889,112.4028,5.6295e-15,2.8866e-15,1.9429e-16,1.2204e-29,2.8866e-09,4.7503e-09,
4890,112.4263,6.0745e-15,7.7716e-16,3.3307e-17,4.0367e-31,7.7716e-10,8.6047e-10,
4891,112.4468,6.0919e-15,2.5535e-15,1.6931e-16,9.4929e-30,2.5535e-09,4.2143e-09,
4892,112.47,5.2838e-15,7.7716e-16,3.4972e-17,4.5336e-31,7.7716e-10,8.777e-10,
4893,112.4909,5.2125e-15,3.2196e-15,2.0872e-16,1.4067e-29,3.2196e-09,5.0295e-09,
4894,112.515,6.5621e-15,1.2212e-15,4.996e-17,1.0573e-30,1.2212e-09,1.324e-09,
4895,112.5365,6.9735e-15,2.2204e-15,1.3489e-16,6.3575e-30,2.2204e-09,3.4631e-09,
4896,112.5594,4.587e-15,5.5511e-16,1.3878e-17,1.5754e-31,5.5511e-10,5.042e-10,
4897,112.5797,4.353e-15,1.3323e-15,4.2744e-17,9.8492e-31,1.3323e-09,1.3265e-09,
4898,112.6024,1.8645e-15,6.6613e-16,2.9421e-17,3.8711e-31,6.6613e-10,8.1406e-10,
4899,112.6247,2.0485e-15,1.2768e-15,3.7748e-17,8.7514e-31,1.2768e-09,1.2318e-09,
4900,112.6484,2.1074e-15,8.8818e-16,5.3846e-17,9.5102e-31,8.8818e-10,1.3067e-09,
4901,112.6724,1.9403e-15,1.3323e-15,5.6621e-17,1.5072e-30,1.3323e-09,1.608e-09,
4902,112.6967,2.9477e-15,1.2768e-15,7.1054e-17,1.9151e-30,1.2768e-09,1.8501e-09,
4903,112.7193,3.5195e-15,8.8818e-16,4.5519e-17,6.6445e-31,8.8818e-10,1.0914e-09,
4904,112.7419,2.9424e-15,2.3315e-15,1.1768e-16,4.9227e-30,2.3315e-09,2.9282e-09,
4905,112.7645,4.5623e-15,1.7764e-15,1.0103e-16,3.2309e-30,1.7764e-09,2.4239e-09,
4906,112.787,5.705e-15,2.2204e-15,1.0769e-16,4.3002e-30,2.2204e-09,2.7477e-09,
4907,112.8094,5.4797e-15,1.4433e-15,9.77e-17,2.803e-30,1.4433e-09,2.349e-09,
4908,112.8323,5.038e-15,2.1094e-15,9.6589e-17,3.6161e-30,2.1094e-09,2.5081e-09,
4909,112.855,5.0273e-15,1.3878e-15,9.7145e-17,2.8939e-30,1.3878e-09,2.3315e-09,
4910,112.8785,4.8688e-15,1.7764e-15,7.6605e-17,2.3192e-30,1.7764e-09,2.0153e-09,
4911,112.9013,4.4934e-15,1.1657e-15,7.7716e-17,1.8878e-30,1.1657e-09,1.8828e-09,
4912,112.9239,3.9762e-15,1.5543e-15,5.6621e-17,1.5022e-30,1.5543e-09,1.5859e-09,
4913,112.9454,3.76e-15,2.5535e-15,1.6542e-16,8.4017e-30,2.5535e-09,3.9869e-09,
4914,112.9695,6.2192e-15,1.2212e-15,6.6058e-17,1.4995e-30,1.2212e-09,1.6516e-09,
4915,112.9922,5.4811e-15,1.1102e-15,4.5519e-17,8.4625e-31,1.1102e-09,1.2002e-09,
4916,113.0145,3.2745e-15,1.7764e-15,1.1602e-16,4.6565e-30,1.7764e-09,2.8978e-09,
4917,113.0375,4.3205e-15,3.3307e-16,2.7756e-17,2.0993e-31,3.3307e-10,6.1085e-10,
4918,113.0586,3.5245e-15,2.1094e-15,1.088e-16,3.7871e-30,2.1094e-09,2.5739e-09,
4919,113.081,4.0398e-15,1.7208e-15,1.1158e-16,3.4948e-30,1.7208e-09,2.6079e-09,
4920,113.1036,5.3299e-15,1.9984e-15,7.7716e-17,2.6393e-30,1.9984e-09,2.1019e-09,
4921,113.1258,4.8056e-15,1.6098e-15,9.77e-17,2.8797e-30,1.6098e-09,2.3886e-09,
4922,113.1482,4.4938e-15,1.7764e-15,5.0515e-17,1.6767e-30,1.7764e-09,1.6505e-09,
4923,113.17,4.4581e-15,3.0531e-15,1.7542e-16,1.024e-29,3.0531e-09,4.4621e-09,
4924,113.1932,6.4622e-15,8.8818e-16,3.1086e-17,4.7763e-31,8.8818e-10,8.9364e-10,
4925,113.2141,5.6324e-15,3.1641e-15,2.0484e-16,1.2789e-29,3.1641e-09,4.9632e-09,
4926,113.2378,6.7867e-15,1.4433e-15,5.107e-17,1.2572e-30,1.4433e-09,1.4475e-09,
4927,113.2594,7.0832e-15,2.498e-15,1.6098e-16,8.0381e-30,2.498e-09,3.9147e-09,
4928,113.2827,5.7388e-15,1.2212e-15,4.3854e-17,8.9248e-31,1.2212e-09,1.2245e-09,
4929,113.3042,5.6055e-15,2.3315e-15,1.3656e-16,5.9057e-30,2.3315e-09,3.3857e-09,
4930,113.3275,4.653e-15,6.6613e-16,1.6653e-17,2.2495e-31,6.6613e-10,6.1167e-10,
4931,113.3475,4.5357e-15,1.4988e-15,6.2728e-17,1.5473e-30,1.4988e-09,1.2388e-09,
4932,113.3694,3.0005e-15,2.498e-15,1.7542e-16,9.1289e-30,2.498e-09,3.6596e-09,
4933,113.3931,8.8193e-15,2.7756e-16,1.3323e-17,7.0874e-32,2.7756e-10,3.0946e-10,
4934,113.4141,5.7432e-15,8.3267e-16,6.1062e-17,1.0215e-30,8.3267e-10,1.2935e-09,
4935,113.4359,2.4665e-15,1.7208e-15,9.1038e-17,2.6767e-30,1.7208e-09,1.9163e-09,
4936,113.4585,5.3546e-15,9.992e-16,7.3275e-17,1.587e-30,9.992e-10,1.5803e-09,
4937,113.481,5.7836e-15,2.1649e-15,1.6709e-16,7.4299e-30,2.1649e-09,3.5843e-09,
4938,113.5048,6.8973e-15,9.992e-16,4.2744e-17,7.0451e-31,9.992e-10,1.0761e-09,
4939,113.5271,5.5879e-15,1.6653e-15,1.0547e-16,3.5514e-30,1.6653e-09,2.57e-09,
4940,113.5501,4.2204e-15,2.1094e-15,9.881e-17,3.561e-30,2.1094e-09,2.4794e-09,
4941,113.5731,5.4066e-15,1.5543e-15,9.3259e-17,2.991e-30,1.5543e-09,2.3126e-09,
4942,113.5961,5.1542e-15,2.1094e-15,9.3814e-17,3.464e-30,2.1094e-09,2.4362e-09,
4943,113.6191,5.1192e-15,1.6653e-15,9.6589e-17,3.083e-30,1.6653e-09,2.3698e-09,
4944,113.6424,5.2904e-15,1.8874e-15,8.7153e-17,2.9031e-30,1.8874e-09,2.2489e-09,
4945,113.6652,4.9788e-15,1.3323e-15,8.6597e-17,2.2387e-30,1.3323e-09,2.063e-09,
4946,113.6885,4.5516e-15,1.7764e-15,8.9928e-17,2.803e-30,1.7764e-09,2.2487e-09,
4947,113.7113,4.4197e-15,1.3323e-15,8.7153e-17,2.3469e-30,1.3323e-09,2.0865e-09,
4948,113.7344,4.3213e-15,1.4433e-15,7.7716e-17,2.0045e-30,1.4433e-09,1.9247e-09,
4949,113.7572,3.94e-15,1.1102e-15,5.9397e-17,1.1282e-30,1.1102e-09,1.3989e-09,
4950,113.7796,3.6349e-15,2.5535e-15,1.4821e-16,7.1417e-30,2.5535e-09,3.6028e-09,
4951,113.8035,5.4066e-15,5.5511e-16,4.0523e-17,4.4874e-31,5.5511e-10,9.4483e-10,
4952,113.8255,4.7651e-15,1.7764e-15,7.272e-17,2.1667e-30,1.7764e-09,1.9143e-09,
4953,113.8484,3.3667e-15,1.3878e-15,8.7708e-17,2.308e-30,1.3878e-09,2.1417e-09,
4954,113.8714,4.0158e-15,1.2212e-15,4.2188e-17,8.6628e-31,1.2212e-09,1.2056e-09,
4955,113.8934,3.516e-15,2.1094e-15,1.2657e-16,4.9165e-30,2.1094e-09,3.1159e-09,
4956,113.9172,4.5677e-15,7.7716e-16,1.8874e-17,3.0507e-31,7.7716e-10,7.0942e-10,
4957,113.9385,4.3426e-15,2.1094e-15,1.0547e-16,4.2971e-30,2.1094e-09,2.9036e-09,
4958,113.9623,3.5754e-15,2.2204e-16,8.8818e-18,3.7363e-32,2.2204e-10,2.4159e-10,
4959,113.9828,3.4026e-15,1.4433e-15,4.885e-17,1.3069e-30,1.4433e-09,1.5182e-09,
4960,114.0057,1.974e-15,1.0547e-15,6.2172e-17,1.3559e-30,1.0547e-09,1.5637e-09,
4961,114.0286,2.7001e-15,8.8818e-16,3.3307e-17,5.2385e-31,8.8818e-10,9.1355e-10,
4962,114.0498,2.8504e-15,2.8311e-15,1.632e-16,8.1968e-30,2.8311e-09,3.737e-09,
4963,114.0744,5.4813e-15,6.6613e-16,3.3307e-17,4.7147e-31,6.6613e-10,9.1014e-10,
4964,114.0955,5.2817e-15,3.5527e-15,1.6653e-16,1.0634e-29,3.5527e-09,4.3025e-09,
4965,114.1202,6.1646e-15,8.8818e-16,5.6066e-17,9.5565e-31,8.8818e-10,1.3272e-09,
4966,114.1425,6.2589e-15,2.3315e-15,1.1213e-16,4.5517e-30,2.3315e-09,2.8134e-09,
4967,114.1655,4.5352e-15,1.6653e-15,1.1657e-16,4.0953e-30,1.6653e-09,2.7372e-09,
4968,114.1884,5.7633e-15,1.9984e-15,1.0936e-16,4.0171e-30,1.9984e-09,2.6886e-09,
4969,114.2114,5.2903e-15,1.6653e-15,8.3822e-17,2.4147e-30,1.6653e-09,2.0747e-09,
4970,114.2346,5.0993e-15,1.9984e-15,9.77e-17,3.4101e-30,1.9984e-09,2.4471e-09,
4971,114.2574,5.049e-15,1.6653e-15,7.9936e-17,2.4009e-30,1.6653e-09,2.0399e-09,
4972,114.2804,5.0636e-15,2.1094e-15,1.1102e-16,4.2925e-30,2.1094e-09,2.7369e-09,
4973,114.3034,5.1806e-15,1.7764e-15,8.9928e-17,2.9833e-30,1.7764e-09,2.2725e-09,
4974,114.3264,5.3834e-15,2.1094e-15,1.1047e-16,4.2575e-30,2.1094e-09,2.731e-09,
4975,114.3494,5.3884e-15,1.7764e-15,8.7708e-17,2.7595e-30,1.7764e-09,2.1999e-09,
4976,114.3725,5.3748e-15,1.4433e-15,8.4377e-17,2.3654e-30,1.4433e-09,2.092e-09,
4977,114.3957,4.4916e-15,1.1102e-15,4.9405e-17,9.1096e-31,1.1102e-09,1.2589e-09,
4978,114.4181,3.6261e-15,2.1094e-15,1.2323e-16,5.3406e-30,2.1094e-09,3.0788e-09,
4979,114.4416,4.6884e-15,9.992e-16,3.3307e-17,5.824e-31,9.992e-10,9.8069e-10,
4980,114.4629,4.6314e-15,2.387e-15,1.5099e-16,7.6328e-30,2.387e-09,3.7693e-09,
4981,114.4867,4.9148e-15,4.4409e-16,1.8874e-17,1.3751e-31,4.4409e-10,4.8135e-10,
4982,114.5072,4.4668e-15,2.9421e-15,1.9762e-16,1.2947e-29,2.9421e-09,4.8802e-09,
4983,114.531,5.8884e-15,6.6613e-16,2.6645e-17,3.1162e-31,6.6613e-10,7.2455e-10,
4984,114.5523,5.9576e-15,2.5535e-15,1.5488e-16,8.0169e-30,2.5535e-09,3.7817e-09,
4985,114.576,5.018e-15,7.7716e-16,3.3307e-17,4.2679e-31,7.7716e-10,8.7742e-10,
4986,114.5973,5.1484e-15,3.2196e-15,1.8818e-16,1.2286e-29,3.2196e-09,4.6645e-09,
4987,114.6211,6.2983e-15,9.992e-16,5.218e-17,9.7067e-31,9.992e-10,1.3147e-09,
4988,114.6431,6.3387e-15,2.4425e-15,1.3212e-16,6.2527e-30,2.4425e-09,3.3309e-09,
4989,114.6676,4.9111e-15,7.7716e-16,3.5527e-17,4.5914e-31,7.7716e-10,8.8333e-10,
4990,114.6892,4.7944e-15,3.2196e-15,1.8985e-16,1.1947e-29,3.2196e-09,4.5653e-09,
4991,114.7131,6.2795e-15,9.992e-16,4.996e-17,8.2931e-31,9.992e-10,1.231e-09,
4992,114.7352,6.3555e-15,2.2204e-15,1.0825e-16,4.3561e-30,2.2204e-09,2.7677e-09,
4993,114.7583,4.5723e-15,1.6653e-15,9.881e-17,3.1015e-30,1.6653e-09,2.3822e-09,
4994,114.7811,5.4262e-15,1.9984e-15,9.77e-17,3.5869e-30,1.9984e-09,2.5089e-09,
4995,114.804,5.1478e-15,1.6653e-15,8.8818e-17,2.7379e-30,1.6653e-09,2.1908e-09,
4996,114.8269,5.0954e-15,2.1094e-15,9.9365e-17,3.7444e-30,2.1094e-09,2.5467e-09,
4997,114.8498,5.246e-15,1.7764e-15,9.2149e-17,2.969e-30,1.7764e-09,2.3027e-09,
4998,114.873,5.4013e-15,1.9984e-15,9.3259e-17,3.3095e-30,1.9984e-09,2.3915e-09,
4999,114.8957,5.2539e-15,1.4433e-15,7.7716e-17,2.06e-30,1.4433e-09,1.9453e-09,
5000,114.92,4.8123e-15,1.6653e-15,7.9936e-17,2.3943e-30,1.6653e-09,2.0385e-09,
5001,114.947,4.3403e-15,1.2212e-15,7.4385e-17,1.8165e-30,1.2212e-09,1.8244e-09,
5002,114.9711,4.0109e-15,1.8874e-15,8.1046e-17,2.6963e-30,1.8874e-09,2.1284e-09,
5003,114.9945,4.3791e-15,1.4433e-15,8.9373e-17,2.6119e-30,1.4433e-09,2.1932e-09,
5004,115.0182,4.6708e-15,1.6653e-15,6.8834e-17,1.9972e-30,1.6653e-09,1.8249e-09,
5005,115.0416,4.4093e-15,1.1657e-15,7.5495e-17,1.8031e-30,1.1657e-09,1.8363e-09,
5006,115.0653,3.8316e-15,1.5543e-15,5.107e-17,1.3959e-30,1.5543e-09,1.5123e-09,
5007,115.0886,3.7613e-15,2.498e-15,1.521e-16,7.644e-30,2.498e-09,3.7982e-09,
5008,115.1126,5.7317e-15,8.8818e-16,4.2188e-17,6.9333e-31,8.8818e-10,1.1009e-09,
5009,115.1349,4.9172e-15,1.4433e-15,8.3267e-17,2.3096e-30,1.4433e-09,2.0479e-09,
5010,115.1574,3.4719e-15,1.9984e-15,9.2704e-17,3.3346e-30,1.9984e-09,2.3443e-09,
5011,115.1812,4.7991e-15,1.4433e-15,8.1601e-17,2.2098e-30,1.4433e-09,2.0295e-09,
5012,115.2038,4.8172e-15,1.6653e-15,8.4377e-17,2.6458e-30,1.6653e-09,2.1575e-09,
5013,115.2264,4.3425e-15,1.3323e-15,7.6605e-17,1.9644e-30,1.3323e-09,1.8891e-09,
5014,115.2513,4.1188e-15,1.6653e-15,7.5495e-17,2.1759e-30,1.6653e-09,1.952e-09,
5015,115.2745,4.1488e-15,1.4433e-15,7.3275e-17,1.8381e-30,1.4433e-09,1.8335e-09,
5016,115.2984,4.2892e-15,1.6653e-15,8.1046e-17,2.3928e-30,1.6653e-09,2.0304e-09,
5017,115.3213,4.2574e-15,1.1102e-15,5.9952e-17,1.2838e-30,1.1102e-09,1.4942e-09,
5018,115.3442,3.8313e-15,2.6645e-15,1.4988e-16,7.6529e-30,2.6645e-09,3.6841e-09,
5019,115.3677,5.4425e-15,6.6613e-16,3.5527e-17,4.2216e-31,6.6613e-10,8.7039e-10,
5020,115.3892,5.0936e-15,3.3307e-15,1.7486e-16,1.0838e-29,3.3307e-09,4.3727e-09,
5021,115.4127,6.0618e-15,7.7716e-16,5.218e-17,8.4587e-31,7.7716e-10,1.2655e-09,
5022,115.4356,5.8952e-15,2.2204e-15,8.8263e-17,3.2329e-30,2.2204e-09,2.3491e-09,
5023,115.459,4.1353e-15,1.6098e-15,1.0769e-16,3.5949e-30,1.6098e-09,2.5853e-09,
5024,115.4821,5.2543e-15,2.1094e-15,7.4385e-17,2.7025e-30,2.1094e-09,2.1114e-09,
5025,115.5053,5.0671e-15,1.6653e-15,9.9365e-17,3.182e-30,1.6653e-09,2.4766e-09,
5026,115.5286,4.637e-15,1.5543e-15,5.4401e-17,1.4745e-30,1.5543e-09,1.5619e-09,
5027,115.5521,4.0427e-15,2.72e-15,1.6431e-16,8.9456e-30,2.72e-09,4.126e-09,
5028,115.5762,6.2317e-15,9.992e-16,2.4425e-17,5.0845e-31,9.992e-10,9.0766e-10,
5029,115.5976,6.0645e-15,2.8311e-15,1.4988e-16,8.3697e-30,2.8311e-09,4.0685e-09,
5030,115.6216,4.9871e-15,4.4409e-16,1.2212e-17,1.0477e-31,4.4409e-10,4.1156e-10,
5031,115.6425,4.795e-15,2.8311e-15,1.1657e-16,6.1156e-30,2.8311e-09,3.4573e-09,
5032,115.6676,3.9616e-15,4.4409e-16,1.8874e-17,9.0904e-32,4.4409e-10,4.6573e-10,
5033,115.6883,3.9665e-15,2.1649e-15,1.2212e-16,5.257e-30,2.1649e-09,3.0198e-09,
5034,115.7113,4.0839e-15,1.7764e-15,9.992e-17,3.667e-30,1.7764e-09,2.5776e-09,
5035,115.7357,5.624e-15,5.5511e-16,2.609e-17,2.4844e-31,5.5511e-10,6.5538e-10,
5036,115.7573,3.6776e-15,2.2204e-15,1.4655e-16,6.6776e-30,2.2204e-09,3.4612e-09,
5037,115.782,4.5092e-15,4.996e-16,3.1086e-17,2.989e-31,4.996e-10,7.5647e-10,
5038,115.8041,4.1358e-15,1.2212e-15,5.8842e-17,1.2234e-30,1.2212e-09,1.4443e-09,
5039,115.8266,2.3279e-15,1.9429e-15,1.3323e-16,5.3233e-30,1.9429e-09,3.196e-09,
5040,115.8514,4.8686e-15,7.7716e-16,3.2196e-17,4.056e-31,7.7716e-10,8.6526e-10,
5041,115.8739,4.5903e-15,1.4433e-15,8.5487e-17,2.4375e-30,1.4433e-09,2.0855e-09,
5042,115.8978,3.4631e-15,1.7764e-15,9.881e-17,3.3993e-30,1.7764e-09,2.4773e-09,
5043,115.9218,4.4576e-15,1.5543e-15,7.5495e-17,2.0881e-30,1.5543e-09,1.9167e-09,
5044,115.9451,4.6365e-15,1.6653e-15,9.3259e-17,2.8011e-30,1.6653e-09,2.2691e-09,
5045,115.968,4.5392e-15,1.2212e-15,6.1062e-17,1.3466e-30,1.2212e-09,1.5213e-09,
5046,115.9904,4.071e-15,2.8866e-15,1.4877e-16,7.9814e-30,2.8866e-09,3.7883e-09,
5047,116.0153,5.8391e-15,9.992e-16,4.3854e-17,7.2916e-31,9.992e-10,1.1246e-09,
5048,116.038,5.6607e-15,1.7764e-15,1.2046e-16,4.8768e-30,1.7764e-09,3.0312e-09,
5049,116.0619,4.2043e-15,4.4409e-16,2.3315e-17,1.8335e-31,4.4409e-10,5.6383e-10,
5050,116.0843,3.702e-15,2.4425e-15,1.1657e-16,4.826e-30,2.4425e-09,2.7781e-09,
5051,116.1078,4.2699e-15,1.7764e-15,1.0325e-16,3.7594e-30,1.7764e-09,2.4943e-09,
5052,116.1318,6.1194e-15,2.1094e-15,1.027e-16,3.712e-30,2.1094e-09,2.5019e-09,
5053,116.1554,5.6869e-15,1.7764e-15,9.1038e-17,2.8812e-30,1.7764e-09,2.2478e-09,
5054,116.1787,5.4356e-15,2.1094e-15,9.6034e-17,3.4979e-30,2.1094e-09,2.4113e-09,
5055,116.202,5.3043e-15,1.6098e-15,1.0436e-16,3.6885e-30,1.6098e-09,2.6171e-09,
5056,116.2253,5.1636e-15,2.4425e-15,8.9373e-17,3.6858e-30,2.4425e-09,2.4822e-09,
5057,116.249,5.8286e-15,1.9429e-15,1.1435e-16,4.1831e-30,1.9429e-09,2.8395e-09,
5058,116.2732,5.4592e-15,7.7716e-16,1.9984e-17,3.0507e-31,7.7716e-10,7.0543e-10,
5059,116.2949,4.0907e-15,2.1094e-15,1.2879e-16,5.5682e-30,2.1094e-09,3.2845e-09,
5060,116.3189,4.5411e-15,4.4409e-16,2.3315e-17,1.8181e-31,4.4409e-10,6.0122e-10,
5061,116.3412,3.9085e-15,5.5511e-16,4.4964e-17,5.5197e-31,5.5511e-10,1.0155e-09,
5062,116.3641,1.6823e-15,1.8874e-15,7.494e-17,2.3531e-30,1.8874e-09,2.0094e-09,
5063,116.3875,3.5972e-15,1.4988e-15,9.6589e-17,2.8149e-30,1.4988e-09,2.3165e-09,
5064,116.4108,4.5179e-15,1.7764e-15,7.5495e-17,2.2591e-30,1.7764e-09,1.993e-09,
5065,116.4345,4.2383e-15,1.5543e-15,8.9373e-17,2.6551e-30,1.5543e-09,2.1989e-09,
5066,116.4577,4.7342e-15,1.9984e-15,1.0214e-16,3.8168e-30,1.9984e-09,2.6027e-09,
5067,116.4821,4.9259e-15,1.5543e-15,9.1038e-17,2.6778e-30,1.5543e-09,2.2115e-09,
5068,116.5053,4.9332e-15,1.8874e-15,9.2149e-17,3.1943e-30,1.8874e-09,2.3621e-09,
5069,116.5283,4.8284e-15,1.3323e-15,7.1054e-17,1.6428e-30,1.3323e-09,1.7249e-09,
5070,116.5515,4.5382e-15,1.5543e-15,7.6605e-17,2.1004e-30,1.5543e-09,1.9304e-09,
5071,116.5749,4.1049e-15,1.1102e-15,7.494e-17,1.6459e-30,1.1102e-09,1.7766e-09,
5072,116.5989,3.8371e-15,1.7764e-15,8.4377e-17,2.6039e-30,1.7764e-09,2.1364e-09,
5073,116.6222,4.1155e-15,1.2212e-15,7.1609e-17,1.6182e-30,1.2212e-09,1.7182e-09,
5074,116.6453,4.1692e-15,1.4433e-15,7.7161e-17,2.162e-30,1.4433e-09,1.9639e-09,
5075,116.6688,3.6936e-15,1.2212e-15,5.8287e-17,1.2253e-30,1.2212e-09,1.4478e-09,
5076,116.6917,3.6944e-15,2.4425e-15,1.5099e-16,7.5651e-30,2.4425e-09,3.7202e-09,
5077,116.7163,5.4032e-15,7.7716e-16,3.7748e-17,5.1962e-31,7.7716e-10,9.554e-10,
5078,116.7386,4.9354e-15,1.6653e-15,9.881e-17,3.4374e-30,1.6653e-09,2.497e-09,
5079,116.7619,3.5743e-15,1.2212e-15,7.2164e-17,1.644e-30,1.2212e-09,1.7317e-09,
5080,116.7851,4.0388e-15,1.4433e-15,8.5487e-17,2.4482e-30,1.4433e-09,2.1106e-09,
5081,116.8084,3.735e-15,1.2212e-15,6.8279e-17,1.5766e-30,1.2212e-09,1.641e-09,
5082,116.8314,3.8063e-15,3.1086e-15,1.632e-16,8.8612e-30,3.1086e-09,4.0489e-09,
5083,116.8556,6.0348e-15,8.8818e-16,5.107e-17,9.7067e-31,8.8818e-10,1.2727e-09,
5084,116.878,5.6125e-15,2.2204e-15,8.3267e-17,3.251e-30,2.2204e-09,2.3054e-09,
5085,116.9013,4.3531e-15,1.6098e-15,1.0325e-16,3.447e-30,1.6098e-09,2.5686e-09,
5086,116.9244,5.0333e-15,1.7764e-15,6.3283e-17,1.9783e-30,1.7764e-09,1.7854e-09,
5087,116.9478,4.6265e-15,3.0531e-15,1.8652e-16,1.1324e-29,3.0531e-09,4.7023e-09,
5088,116.9718,6.9705e-15,9.992e-16,3.2196e-17,5.6545e-31,9.992e-10,9.6692e-10,
5089,116.9932,6.4224e-15,3.6637e-15,2.1094e-16,1.4321e-29,3.6637e-09,5.3054e-09,
5090,117.0172,6.73e-15,8.8818e-16,3.7748e-17,5.7624e-31,8.8818e-10,9.9662e-10,
5091,117.0404,6.3735e-15,1.5543e-15,9.8255e-17,3.0156e-30,1.5543e-09,2.3589e-09,
5092,117.065,3.7968e-15,2.1094e-15,9.4369e-17,3.4528e-30,2.1094e-09,2.4872e-09,
5093,117.0881,5.1128e-15,1.5543e-15,8.2157e-17,2.2637e-30,1.5543e-09,1.9956e-09,
5094,117.1113,5.0836e-15,1.7764e-15,9.6589e-17,3.2833e-30,1.7764e-09,2.4141e-09,
5095,117.135,4.6089e-15,1.5543e-15,6.5503e-17,1.7457e-30,1.5543e-09,1.7306e-09,
5096,117.1573,4.6147e-15,2.8866e-15,1.7764e-16,1.0814e-29,2.8866e-09,4.3907e-09,
5097,117.1821,6.4894e-15,7.7716e-16,3.5527e-17,4.5028e-31,7.7716e-10,9.0916e-10,
5098,117.2043,5.8478e-15,1.6653e-15,8.7708e-17,2.7009e-30,1.6653e-09,2.1967e-09,
5099,117.2277,3.5173e-15,1.3323e-15,7.1054e-17,1.5242e-30,1.3323e-09,1.7259e-09,
5100,117.2523,4.0496e-15,1.3323e-15,7.8826e-17,2.0384e-30,1.3323e-09,1.9271e-09,
5101,117.2776,3.6302e-15,1.2212e-15,5.218e-17,1.0508e-30,1.2212e-09,1.3333e-09,
5102,117.3,3.5793e-15,1.8874e-15,1.2434e-16,5.1076e-30,1.8874e-09,3.0949e-09,
5103,117.3231,4.5959e-15,4.4409e-16,2.2204e-17,1.6948e-31,4.4409e-10,5.4979e-10,
5104,117.344,3.8979e-15,2.1094e-15,1.0603e-16,4.1943e-30,2.1094e-09,2.7008e-09,
5105,117.3665,3.7907e-15,1.5543e-15,8.9928e-17,2.7429e-30,1.5543e-09,2.1798e-09,
5106,117.3889,5.1812e-15,2.1094e-15,9.7145e-17,3.5533e-30,2.1094e-09,2.489e-09,
5107,117.4121,5.199e-15,1.5543e-15,9.3814e-17,2.6982e-30,1.5543e-09,2.25e-09,
5108,117.4343,5.0324e-15,1.8874e-15,9.6589e-17,3.2991e-30,1.8874e-09,2.4253e-09,
5109,117.4567,4.7099e-15,1.2768e-15,8.4377e-17,2.1093e-30,1.2768e-09,2.0211e-09,
5110,117.4789,4.2299e-15,1.4433e-15,5.8287e-17,1.4071e-30,1.4433e-09,1.5509e-09,
5111,117.5003,3.8058e-15,2.3315e-15,1.632e-16,8.0338e-30,2.3315e-09,3.8925e-09,
5112,117.5241,6.0089e-15,8.8818e-16,4.3299e-17,6.7331e-31,8.8818e-10,1.0882e-09,
5113,117.5455,5.4979e-15,1.5543e-15,8.8818e-17,2.5299e-30,1.5543e-09,2.1462e-09,
5114,117.5676,3.6576e-15,1.6653e-15,9.881e-17,3.3823e-30,1.6653e-09,2.4491e-09,
5115,117.5902,4.5161e-15,1.5543e-15,7.7161e-17,2.0557e-30,1.5543e-09,1.9126e-09,
5116,117.6128,4.4917e-15,1.2212e-15,8.2157e-17,2.2175e-30,1.2212e-09,2.0302e-09,
5117,117.6364,3.9044e-15,8.8818e-16,4.1078e-17,6.24e-31,8.8818e-10,1.0484e-09,
5118,117.6576,3.1598e-15,1.6653e-15,1.0436e-16,3.7132e-30,1.6653e-09,2.6081e-09,
5119,117.68,3.8026e-15,1.3323e-15,5.3846e-17,1.1482e-30,1.3323e-09,1.4036e-09,
5120,117.7013,4.3526e-15,2.276e-15,1.4433e-16,6.6699e-30,2.276e-09,3.5771e-09,
5121,117.7243,4.9346e-15,4.4409e-16,1.9984e-17,1.3905e-31,4.4409e-10,4.9671e-10,
5122,117.7456,4.2206e-15,1.8319e-15,1.1879e-16,4.405e-30,1.8319e-09,2.8656e-09,
5123,117.7686,3.6625e-15,5.5511e-16,2.387e-17,2.2225e-31,5.5511e-10,6.2151e-10,
5124,117.7891,3.7569e-15,1.9984e-15,1.2768e-16,5.5733e-30,1.9984e-09,3.1692e-09,
5125,117.8121,4.1677e-15,5.5511e-16,3.9968e-17,4.9342e-31,5.5511e-10,9.249e-10,
5126,117.8336,3.9978e-15,1.7764e-15,8.1601e-17,2.4055e-30,1.7764e-09,2.0534e-09,
5127,117.8567,3.4075e-15,1.4988e-15,1.0103e-16,3.0584e-30,1.4988e-09,2.404e-09,
5128,117.8789,4.6423e-15,1.8874e-15,8.7708e-17,2.8508e-30,1.8874e-09,2.2351e-09,
5129,117.9013,4.5827e-15,1.3878e-15,9.2149e-17,2.7456e-30,1.3878e-09,2.2315e-09,
5130,117.9236,4.5657e-15,1.5543e-15,7.4385e-17,2.0877e-30,1.5543e-09,1.9149e-09,
5131,117.9457,4.1943e-15,1.5543e-15,6.5503e-17,1.6994e-30,1.5543e-09,1.7091e-09,
5132,117.968,4.3241e-15,2.609e-15,1.6986e-16,9.6851e-30,2.609e-09,4.25e-09,
5133,117.991,6.0613e-15,7.7716e-16,2.4425e-17,3.3742e-31,7.7716e-10,7.4109e-10,
5134,118.0116,5.6136e-15,1.0547e-15,5.1625e-17,8.7399e-31,1.0547e-09,1.2863e-09,
5135,118.0339,1.9637e-15,3.8858e-16,2.1094e-17,1.5446e-31,3.8858e-10,4.9817e-10,
5136,118.0537,1.8655e-15,2.6645e-15,1.41e-16,6.9672e-30,2.6645e-09,3.5284e-09,
5137,118.0766,5.1801e-15,2.387e-15,1.3323e-16,5.1769e-30,2.387e-09,3.108e-09,
5138,118.0996,6.9167e-15,6.6613e-16,2.387e-17,2.9159e-31,6.6613e-10,6.9664e-10,
5139,118.1206,4.2696e-15,2.387e-15,1.5432e-16,7.6702e-30,2.387e-09,3.7885e-09,
5140,118.1436,5.2054e-15,8.8818e-16,6.0507e-17,1.1405e-30,8.8818e-10,1.4858e-09,
5141,118.1657,4.9815e-15,8.8818e-16,3.1641e-17,4.5953e-31,8.8818e-10,8.8053e-10,
5142,118.1871,2.6844e-15,1.9984e-15,1.2712e-16,5.3776e-30,1.9984e-09,3.1741e-09,
5143,118.2109,4.1335e-15,4.4409e-16,1.2212e-17,1.0631e-31,4.4409e-10,4.0333e-10,
5144,118.2309,4.0065e-15,2.9421e-15,1.632e-16,9.0153e-30,2.9421e-09,4.1227e-09,
5145,118.2542,5.2354e-15,7.7716e-16,2.6645e-17,3.5437e-31,7.7716e-10,7.7119e-10,
5146,118.2749,5.2743e-15,2.9421e-15,1.7875e-16,9.9686e-30,2.9421e-09,4.3486e-09,
5147,118.2989,5.71e-15,8.8818e-16,3.1641e-17,4.5953e-31,8.8818e-10,9.0766e-10,
5148,118.3193,5.7519e-15,3.1641e-15,2.0595e-16,1.3071e-29,3.1641e-09,4.9974e-09,
5149,118.3424,6.7167e-15,1.2212e-15,3.7192e-17,8.0465e-31,1.2212e-09,1.1611e-09,
5150,118.3629,7.0189e-15,4.4964e-15,2.5979e-16,2.1774e-29,4.4964e-09,6.5004e-09,
5151,118.3866,8.3531e-15,2.2204e-16,1.2212e-17,6.9719e-32,2.2204e-10,2.9894e-10,
5152,118.4073,7.3323e-15,1.6098e-15,5.9952e-17,1.5716e-30,1.6098e-09,1.2997e-09,
5153,118.4289,3.6879e-15,3.6637e-15,1.9096e-16,1.1748e-29,3.6637e-09,4.303e-09,
5154,118.4518,8.7942e-15,6.1062e-16,1.8874e-17,2.1147e-31,6.1062e-10,5.8007e-10,
5155,118.4719,6.644e-15,2.8311e-15,1.1713e-16,5.2235e-30,2.8311e-09,3.1377e-09,
5156,118.495,3.9236e-15,4.996e-16,9.992e-18,1.5562e-31,4.996e-10,4.6552e-10,
5157,118.5156,3.6341e-15,2.72e-15,1.0325e-16,4.9015e-30,2.72e-09,2.8529e-09,
5158,118.5387,3.7396e-15,6.1062e-16,1.2768e-17,1.8836e-31,6.1062e-10,5.7055e-10,
5159,118.5585,3.7529e-15,3.3862e-15,1.1269e-16,6.6518e-30,3.3862e-09,3.4178e-09,
5160,118.5814,4.2527e-15,8.8818e-16,2.1094e-17,3.9905e-31,8.8818e-10,8.2779e-10,
5161,118.6019,4.4583e-15,2.4425e-15,8.2157e-17,3.479e-30,2.4425e-09,2.4833e-09,
5162,118.6259,3.3008e-15,6.6613e-16,1.8319e-17,2.315e-31,6.6613e-10,6.4052e-10,
5163,118.6457,3.1364e-15,3.4972e-15,1.4766e-16,8.1151e-30,3.4972e-09,3.5837e-09,
5164,118.6687,5.3628e-15,9.4369e-16,3.3307e-17,5.3156e-31,9.4369e-10,1.021e-09,
5165,118.6899,5.0082e-15,7.2164e-16,3.8858e-17,5.4542e-31,7.2164e-10,9.5734e-10,
5166,118.7114,2.1616e-15,4.4409e-16,1.9984e-17,1.3751e-31,4.4409e-10,4.9041e-10,
5167,118.732,1.7675e-15,2.9976e-15,1.9429e-16,1.0442e-29,2.9976e-09,4.409e-09,
5168,118.7552,5.624e-15,6.6613e-16,2.9976e-17,4.2062e-31,6.6613e-10,8.4399e-10,
5169,118.7764,5.6209e-15,1.2212e-15,7.2164e-17,1.909e-30,1.2212e-09,1.8624e-09,
5170,118.7993,2.7181e-15,9.992e-16,5.4401e-17,9.3369e-31,9.992e-10,1.3218e-09,
5171,118.8212,3.1223e-15,2.2204e-15,1.3101e-16,5.8517e-30,2.2204e-09,3.2608e-09,
5172,118.8451,4.7181e-15,7.7716e-16,1.9984e-17,3.0545e-31,7.7716e-10,6.9228e-10,
5173,118.8654,4.9297e-15,3.1086e-15,8.7708e-17,5.1002e-30,3.1086e-09,2.0937e-09,
5174,118.8872,5.5366e-15,1.027e-14,3.7303e-16,6.3765e-29,1.027e-08,7.8708e-09,
5175,118.9102,2.4829e-14,2.276e-15,1.4155e-16,5.7458e-30,2.276e-09,3.2831e-09,
5176,118.9332,1.9471e-14,3.3307e-16,1.7764e-17,1.2018e-31,3.3307e-10,4.7542e-10,
5177,118.9547,4.3943e-15,9.992e-16,5.107e-17,9.1559e-31,9.992e-10,1.2832e-09,
5178,118.9759,1.9684e-15,2.3315e-15,1.3989e-16,6.5516e-30,2.3315e-09,3.4189e-09,
5179,119.0001,4.9938e-15,5.5511e-16,3.3307e-17,3.7902e-31,5.5511e-10,8.3175e-10,
5180,119.0214,4.4585e-15,1.4433e-15,7.2164e-17,1.8751e-30,1.4433e-09,1.8008e-09,
5181,119.0437,2.8459e-15,1.1657e-15,7.2164e-17,1.7241e-30,1.1657e-09,1.7918e-09,
5182,119.0669,3.5075e-15,1.3323e-15,4.9405e-17,1.122e-30,1.3323e-09,1.3596e-09,
5183,119.0884,3.5017e-15,2.498e-15,1.5321e-16,7.8008e-30,2.498e-09,3.8754e-09,
5184,119.1114,5.6896e-15,8.8818e-16,4.6629e-17,7.3339e-31,8.8818e-10,1.1448e-09,
5185,119.1327,5.1353e-15,1.7764e-15,9.6034e-17,3.0002e-30,1.7764e-09,2.3271e-09,
5186,119.155,3.9781e-15,1.7764e-15,1.0325e-16,3.6566e-30,1.7764e-09,2.5947e-09,
5187,119.1781,4.9161e-15,1.3323e-15,5.8842e-17,1.2572e-30,1.3323e-09,1.4978e-09,
5188,119.1997,4.4445e-15,2.3315e-15,1.5321e-16,8.0427e-30,2.3315e-09,3.846e-09,
5189,119.2227,5.5322e-15,5.5511e-16,2.4425e-17,2.1763e-31,5.5511e-10,6.2022e-10,
5190,119.2434,4.8492e-15,2.0539e-15,1.3323e-16,5.6853e-30,2.0539e-09,3.2508e-09,
5191,119.2665,4.1331e-15,4.4409e-16,2.8866e-17,2.6501e-31,4.4409e-10,7.0108e-10,
5192,119.2883,3.7974e-15,2.7756e-15,1.2434e-16,5.8737e-30,2.7756e-09,3.2088e-09,
5193,119.3107,4.5615e-15,1.8874e-15,1.299e-16,5.1261e-30,1.8874e-09,3.1517e-09,
5194,119.3335,6.6882e-15,7.7716e-16,5.0515e-17,8.5858e-31,7.7716e-10,1.2586e-09,
5195,119.3557,4.3525e-15,4.4409e-16,2.0539e-17,1.483e-31,4.4409e-10,5.09e-10,
5196,119.3754,1.7926e-15,3.9968e-15,2.276e-16,1.7637e-29,3.9968e-09,5.6397e-09,
5197,119.4003,7.1789e-15,1.3323e-15,5.8287e-17,1.3624e-30,1.3323e-09,1.5222e-09,
5198,119.4219,7.8853e-15,2.5535e-15,1.4544e-16,7.4433e-30,2.5535e-09,3.6552e-09,
5199,119.4452,5.4697e-15,7.7716e-16,3.6637e-17,4.2679e-31,7.7716e-10,9.0351e-10,
5200,119.4673,5.0287e-15,3.2196e-15,1.8818e-16,1.1923e-29,3.2196e-09,4.6521e-09,
5201,119.4928,6.2118e-15,7.7716e-16,3.9968e-17,5.6276e-31,7.7716e-10,9.7562e-10,
5202,119.5143,6.0861e-15,3.8858e-15,2.1871e-16,1.6352e-29,3.8858e-09,5.4531e-09,
5203,119.5374,7.1674e-15,1.0547e-15,7.1054e-17,1.5504e-30,1.0547e-09,1.7112e-09,
5204,119.5595,7.1567e-15,1.2212e-15,7.5495e-17,1.9849e-30,1.2212e-09,1.9017e-09,
5205,119.5817,3.1442e-15,7.7716e-16,4.9405e-17,8.2468e-31,7.7716e-10,1.2011e-09,
5206,119.6033,2.8444e-15,1.9984e-15,9.5479e-17,3.3742e-30,1.9984e-09,2.4345e-09,
5207,119.6287,3.923e-15,1.7764e-15,9.77e-17,3.2051e-30,1.7764e-09,2.3976e-09,
5208,119.6509,5.2933e-15,2.2204e-15,1.2268e-16,5.2312e-30,2.2204e-09,3.0913e-09,
5209,119.6738,5.5358e-15,6.6613e-16,3.3307e-17,3.8827e-31,6.6613e-10,8.3167e-10,
5210,119.6944,4.2675e-15,3.4417e-15,1.7819e-16,1.1477e-29,3.4417e-09,4.5134e-09,
5211,119.7173,6.1597e-15,7.7716e-16,4.885e-17,7.3956e-31,7.7716e-10,1.1673e-09,
5212,119.7395,6.2007e-15,2.2204e-15,1.0936e-16,4.4331e-30,2.2204e-09,2.7729e-09,
5213,119.7618,4.2564e-15,1.8874e-15,9.2704e-17,2.9679e-30,1.8874e-09,2.3111e-09,
5214,119.784,5.7421e-15,1.7764e-15,1.1546e-16,4.4836e-30,1.7764e-09,2.8846e-09,
5215,119.807,4.9741e-15,3.3307e-16,2.1094e-17,1.4367e-31,3.3307e-10,4.9626e-10,
5216,119.8279,3.3595e-15,1.8874e-15,1.0325e-16,3.6685e-30,1.8874e-09,2.5697e-09,
5217,119.851,3.3731e-15,1.7764e-15,8.4377e-17,2.5546e-30,1.7764e-09,2.1207e-09,
5218,119.8732,5.0751e-15,1.3323e-15,9.1038e-17,2.7887e-30,1.3323e-09,2.2734e-09,
5219,119.8956,4.3174e-15,1.3323e-15,5.4401e-17,1.2407e-30,1.3323e-09,1.4413e-09,
5220,119.9168,3.7147e-15,2.2204e-15,1.3767e-16,6.3756e-30,2.2204e-09,3.4412e-09,
5221,119.9399,4.7997e-15,5.5511e-16,1.9984e-17,1.7911e-31,5.5511e-10,5.6309e-10,
5222,119.9604,4.3336e-15,1.8874e-15,1.2546e-16,4.3156e-30,1.8874e-09,2.6806e-09,
5223,119.9842,3.7544e-15,3.3307e-16,1.0547e-17,6.3556e-32,3.3307e-10,3.2532e-10,
5224,120.0035,3.8046e-15,9.992e-16,4.6629e-17,8.32e-31,9.992e-10,1.2182e-09,
5225,120.0248,1.5837e-15,6.6613e-16,4.9405e-17,6.6753e-31,6.6613e-10,9.7265e-10,
5226,120.0453,3.1074e-15,2.6645e-15,1.6209e-16,7.5639e-30,2.6645e-09,3.1381e-09,
5227,120.0685,7.4618e-15,1.2212e-15,8.7708e-17,2.3358e-30,1.2212e-09,1.9123e-09,
5228,120.0907,8.562e-15,1.0547e-15,5.7732e-17,1.1883e-30,1.0547e-09,1.4103e-09,
5229,120.1129,4.7081e-15,5.5511e-16,2.9976e-17,3.0507e-31,5.5511e-10,7.0644e-10,
5230,120.1335,2.951e-15,2.3315e-15,1.5432e-16,6.6699e-30,2.3315e-09,3.4613e-09,
5231,120.1563,5.3262e-15,8.8818e-16,3.3307e-17,5.1153e-31,8.8818e-10,9.0653e-10,
5232,120.1778,4.7526e-15,3.0531e-15,2.0373e-16,1.33e-29,3.0531e-09,5.0099e-09,
5233,120.2008,6.9907e-15,1.6653e-15,6.8834e-17,1.9802e-30,1.6653e-09,1.839e-09,
5234,120.2233,7.3897e-15,1.1102e-15,6.8279e-17,1.481e-30,1.1102e-09,1.6491e-09,
5235,120.2454,3.9084e-15,1.4433e-15,7.2164e-17,1.8874e-30,1.4433e-09,1.8148e-09,
5236,120.2678,3.6084e-15,9.992e-16,5.218e-17,9.7414e-31,9.992e-10,1.2974e-09,
5237,120.2901,3.4754e-15,2.6645e-15,1.2434e-16,5.8702e-30,2.6645e-09,3.1867e-09,
5238,120.3121,5.1878e-15,1.7764e-15,1.199e-16,4.3326e-30,1.7764e-09,2.9023e-09,
5239,120.3344,6.1303e-15,2.4425e-15,9.6034e-17,4.0587e-30,2.4425e-09,2.6165e-09,
5240,120.3564,5.9138e-15,1.7208e-15,1.1435e-16,4.0968e-30,1.7208e-09,2.7767e-09,
5241,120.3788,5.7305e-15,2.2204e-15,9.4369e-17,3.6546e-30,2.2204e-09,2.4708e-09,
5242,120.4018,5.4114e-15,1.6653e-15,1.0436e-16,3.4913e-30,1.6653e-09,2.5371e-09,
5243,120.4242,5.4949e-15,2.2204e-15,1.088e-16,4.2925e-30,2.2204e-09,2.7922e-09,
5244,120.4464,5.3439e-15,1.6653e-15,8.8818e-17,2.5299e-30,1.6653e-09,2.1322e-09,
5245,120.4691,5.3283e-15,1.8874e-15,1.0325e-16,3.7136e-30,1.8874e-09,2.5779e-09,
5246,120.4912,5.0284e-15,1.5543e-15,7.8271e-17,2.0434e-30,1.5543e-09,1.8863e-09,
5247,120.5136,4.8718e-15,3.5527e-15,2.0817e-16,1.4493e-29,3.5527e-09,5.1307e-09,
5248,120.5365,7.4372e-15,8.8818e-16,5.3291e-17,8.7822e-31,8.8818e-10,1.2678e-09,
5249,120.558,6.7416e-15,2.4425e-15,1.2434e-16,5.425e-30,2.4425e-09,3.1239e-09,
5250,120.5804,4.7691e-15,1.8874e-15,1.0991e-16,3.952e-30,1.8874e-09,2.6342e-09,
5251,120.603,5.9802e-15,2.4425e-15,1.0936e-16,4.6627e-30,2.4425e-09,2.8405e-09,
5252,120.6261,5.9648e-15,1.7764e-15,1.199e-16,4.4281e-30,1.7764e-09,2.8823e-09,
5253,120.6484,5.7859e-15,2.3315e-15,1.0714e-16,4.2436e-30,2.3315e-09,2.7433e-09,
5254,120.6705,5.8022e-15,1.6653e-15,9.992e-17,3.2001e-30,1.6653e-09,2.3963e-09,
5255,120.6926,5.65e-15,1.8874e-15,9.4924e-17,3.2945e-30,1.8874e-09,2.4137e-09,
5256,120.7148,4.9391e-15,1.2212e-15,7.8271e-17,1.9202e-30,1.2212e-09,1.8591e-09,
5257,120.7378,4.3626e-15,1.5543e-15,8.4377e-17,2.5919e-30,1.5543e-09,2.1145e-09,
5258,120.7601,3.9097e-15,9.992e-16,5.6621e-17,1.005e-30,9.992e-10,1.3558e-09,
5259,120.7814,3.6305e-15,2.5535e-15,1.2879e-16,5.8086e-30,2.5535e-09,3.2096e-09,
5260,120.8037,5.042e-15,2.1094e-15,1.2157e-16,4.712e-30,2.1094e-09,2.9062e-09,
5261,120.8257,6.5003e-15,2.3315e-15,1.2601e-16,5.6965e-30,2.3315e-09,3.1661e-09,
5262,120.8497,6.1922e-15,6.6613e-16,2.8866e-17,3.1739e-31,6.6613e-10,7.4172e-10,
5263,120.8705,4.5393e-15,2.3315e-15,1.4655e-16,7.2064e-30,2.3315e-09,3.6791e-09,
5264,120.8936,4.6318e-15,4.996e-16,3.4417e-17,3.5283e-31,4.996e-10,8.1596e-10,
5265,120.915,4.2513e-15,1.5543e-15,7.1609e-17,1.9171e-30,1.5543e-09,1.8091e-09,
5266,120.937,2.8882e-15,1.2212e-15,6.8834e-17,1.5639e-30,1.2212e-09,1.6629e-09,
5267,120.9609,3.9683e-15,1.2212e-15,7.7716e-17,2.0492e-30,1.2212e-09,1.9356e-09,
5268,120.9843,3.4559e-15,7.7716e-16,4.3299e-17,5.9319e-31,7.7716e-10,1.0355e-09,
5269,121.0071,2.9178e-15,1.8874e-15,9.4369e-17,3.2005e-30,1.8874e-09,2.3746e-09,
5270,121.031,3.8071e-15,1.2212e-15,8.1046e-17,2.0234e-30,1.2212e-09,1.9452e-09,
5271,121.0545,4.3492e-15,1.5543e-15,7.9936e-17,2.2545e-30,1.5543e-09,2.02e-09,
5272,121.0779,3.9195e-15,9.992e-16,6.8279e-17,1.4626e-30,9.992e-10,1.6508e-09,
5273,121.1012,3.6254e-15,1.1102e-15,4.885e-17,9.5064e-31,1.1102e-09,1.2775e-09,
5274,121.1253,3.0791e-15,1.9429e-15,1.2601e-16,4.997e-30,1.9429e-09,3.0749e-09,
5275,121.1502,4.5635e-15,1.1102e-15,5.107e-17,9.2791e-31,1.1102e-09,1.2403e-09,
5276,121.1733,4.6131e-15,1.8874e-15,1.0547e-16,3.7074e-30,1.8874e-09,2.5578e-09,
5277,121.1967,4.6242e-15,2.2204e-15,1.0325e-16,3.9354e-30,2.2204e-09,2.5586e-09,
5278,121.2207,5.8083e-15,1.5543e-15,9.5479e-17,2.9197e-30,1.5543e-09,2.34e-09,
5279,121.2441,5.3189e-15,2.1094e-15,9.1038e-17,3.3573e-30,2.1094e-09,2.369e-09,
5280,121.2677,5.0767e-15,1.4433e-15,9.3259e-17,2.667e-30,1.4433e-09,2.2658e-09,
5281,121.2913,4.8116e-15,1.6653e-15,6.9944e-17,1.9891e-30,1.6653e-09,1.8454e-09,
5282,121.3146,4.3619e-15,1.1657e-15,7.2164e-17,1.5947e-30,1.1657e-09,1.7474e-09,
5283,121.339,3.5215e-15,1.3323e-15,3.7748e-17,9.5218e-31,1.3323e-09,1.2397e-09,
5284,121.3607,3.3594e-15,1.9984e-15,1.2268e-16,4.3098e-30,1.9984e-09,2.3872e-09,
5285,121.3852,4.8493e-15,1.5543e-15,1.0936e-16,3.2344e-30,1.5543e-09,2.1853e-09,
5286,121.4085,7.5823e-15,1.1102e-15,5.3846e-17,9.2637e-31,1.1102e-09,1.1696e-09,
5287,121.4316,5.1747e-15,1.8874e-15,1.3656e-16,5.1973e-30,1.8874e-09,2.8883e-09,
5288,121.4558,5.4959e-15,4.4409e-16,2.609e-17,2.2379e-31,4.4409e-10,6.3545e-10,
5289,121.4781,4.2977e-15,2.4425e-15,1.1657e-16,4.9781e-30,2.4425e-09,2.9551e-09,
5290,121.5016,4.2013e-15,1.6653e-15,1.1213e-16,4.009e-30,1.6653e-09,2.7017e-09,
5291,121.5257,5.7643e-15,2.1094e-15,9.6589e-17,3.6716e-30,2.1094e-09,2.5245e-09,
5292,121.549,5.3877e-15,1.4433e-15,9.77e-17,3.0199e-30,1.4433e-09,2.3723e-09,
5293,121.5731,5.0134e-15,1.9984e-15,7.9936e-17,2.7487e-30,1.9984e-09,2.1555e-09,
5294,121.5962,4.9586e-15,1.3323e-15,8.9373e-17,2.5149e-30,1.3323e-09,2.1629e-09,
5295,121.6201,4.7144e-15,1.6653e-15,7.5495e-17,2.1528e-30,1.6653e-09,1.9347e-09,
5296,121.6434,4.2969e-15,1.3323e-15,7.9936e-17,2.1817e-30,1.3323e-09,1.9276e-09,
5297,121.6672,4.3865e-15,1.6653e-15,8.3267e-17,2.4652e-30,1.6653e-09,2.1094e-09,
5298,121.6908,4.2138e-15,1.3323e-15,8.1046e-17,2.1416e-30,1.3323e-09,1.9551e-09,
5299,121.7147,4.0772e-15,1.6653e-15,8.1046e-17,2.4066e-30,1.6653e-09,2.0669e-09,
5300,121.7407,4.1619e-15,9.992e-16,5.6621e-17,1.0681e-30,9.992e-10,1.3949e-09,
5301,121.7674,3.7397e-15,2.5535e-15,1.2712e-16,5.8645e-30,2.5535e-09,3.1958e-09,
5302,121.7917,4.9301e-15,6.6613e-16,3.9413e-17,4.6415e-31,6.6613e-10,9.3806e-10,
5303,121.8151,4.3292e-15,1.6653e-15,6.3283e-17,1.7152e-30,1.6653e-09,1.7221e-09,
5304,121.8378,3.1352e-15,3.1086e-15,1.9373e-16,1.151e-29,3.1086e-09,4.6947e-09,
5305,121.863,6.8708e-15,1.2212e-15,5.107e-17,1.045e-30,1.2212e-09,1.328e-09,
5306,121.886,6.254e-15,1.7764e-15,1.1657e-16,4.4759e-30,1.7764e-09,2.879e-09,
5307,121.9095,4.7341e-15,2.4425e-15,1.0214e-16,4.3557e-30,2.4425e-09,2.7257e-09,
5308,121.9334,5.9405e-15,1.6653e-15,1.0658e-16,3.5714e-30,1.6653e-09,2.5757e-09,
5309,121.9573,5.7258e-15,2.2204e-15,9.6589e-17,3.667e-30,2.2204e-09,2.4982e-09,
5310,121.9809,5.5434e-15,1.7764e-15,1.0769e-16,3.6531e-30,1.7764e-09,2.5904e-09,
5311,122.005,5.6262e-15,1.7764e-15,9.6589e-17,3.177e-30,1.7764e-09,2.4133e-09,
5312,122.0284,4.9787e-15,1.3323e-15,7.4385e-17,1.8011e-30,1.3323e-09,1.807e-09,
5313,122.0523,4.4108e-15,1.6653e-15,7.6605e-17,2.2325e-30,1.6653e-09,1.959e-09,
5314,122.0755,4.2025e-15,1.3323e-15,8.1046e-17,2.2067e-30,1.3323e-09,2.0055e-09,
5315,122.0993,4.108e-15,1.6653e-15,7.8271e-17,2.2915e-30,1.6653e-09,2.0204e-09,
5316,122.123,4.2168e-15,1.2212e-15,7.7716e-17,1.9525e-30,1.2212e-09,1.9039e-09,
5317,122.1471,3.9186e-15,1.8874e-15,6.8834e-17,2.1898e-30,1.8874e-09,1.911e-09,
5318,122.17,4.4372e-15,3.1641e-15,1.9207e-16,1.2268e-29,3.1641e-09,4.8187e-09,
5319,122.1948,7.1749e-15,1.2212e-15,4.996e-17,1.0959e-30,1.2212e-09,1.3491e-09,
5320,122.2173,6.4392e-15,2.0539e-15,1.3378e-16,5.6303e-30,2.0539e-09,3.2462e-09,
5321,122.2419,4.9849e-15,8.8818e-16,4.5519e-17,7.6575e-31,8.8818e-10,1.1626e-09,
5322,122.2645,4.5619e-15,1.8874e-15,7.9381e-17,2.4933e-30,1.8874e-09,2.1061e-09,
5323,122.2882,3.9977e-15,1.7208e-15,1.0547e-16,3.6535e-30,1.7208e-09,2.6301e-09,
5324,122.3128,4.7812e-15,3.3307e-16,1.3323e-17,7.3956e-32,3.3307e-10,3.5542e-10,
5325,122.335,3.215e-15,2.3315e-15,1.41e-16,6.5374e-30,2.3315e-09,3.4712e-09,
5326,122.36,4.3123e-15,6.1062e-16,3.2196e-17,3.7748e-31,6.1062e-10,8.208e-10,
5327,122.3822,4.5172e-15,1.4433e-15,7.8826e-17,2.1293e-30,1.4433e-09,1.9314e-09,
5328,122.4054,2.9932e-15,1.1102e-15,6.1062e-17,1.2218e-30,1.1102e-09,1.4857e-09,
5329,122.4276,3.5752e-15,2.5535e-15,1.4877e-16,7.5604e-30,2.5535e-09,3.7162e-09,
5330,122.4513,5.2234e-15,8.8818e-16,3.7748e-17,5.4542e-31,8.8818e-10,9.7285e-10,
5331,122.4735,5.1303e-15,3.3307e-15,2.0872e-16,1.4516e-29,3.3307e-09,5.1569e-09,
5332,122.4973,6.7157e-15,9.992e-16,5.3291e-17,9.7067e-31,9.992e-10,1.3202e-09,
5333,122.5197,6.6525e-15,2.4425e-15,1.2434e-16,5.6272e-30,2.4425e-09,3.1617e-09,
5334,122.5435,4.7958e-15,6.6613e-16,4.1633e-17,5.5505e-31,6.6613e-10,1.0099e-09,
5335,122.5659,4.4264e-15,1.6653e-15,8.5487e-17,2.5703e-30,1.6653e-09,2.1421e-09,
5336,122.5892,3.3397e-15,1.1102e-15,6.1062e-17,1.2176e-30,1.1102e-09,1.4758e-09,
5337,122.6114,3.9852e-15,2.7756e-15,1.41e-16,7.2477e-30,2.7756e-09,3.5581e-09,
5338,122.6352,5.4694e-15,9.992e-16,4.885e-17,8.8631e-31,9.992e-10,1.2449e-09,
5339,122.6575,5.2991e-15,2.1094e-15,1.1435e-16,4.5514e-30,2.1094e-09,2.8717e-09,
5340,122.6805,4.3919e-15,1.5543e-15,8.2157e-17,2.2911e-30,1.5543e-09,2.0039e-09,
5341,122.7041,5.0849e-15,1.6653e-15,9.5479e-17,3.2155e-30,1.6653e-09,2.3827e-09,
5342,122.7271,4.5138e-15,1.4433e-15,7.7161e-17,1.934e-30,1.4433e-09,1.8898e-09,
5343,122.7508,4.3327e-15,1.7764e-15,8.4377e-17,2.7163e-30,1.7764e-09,2.1596e-09,
5344,122.7738,4.559e-15,1.2768e-15,8.8263e-17,2.4039e-30,1.2768e-09,2.1248e-09,
5345,122.7968,4.2376e-15,1.5543e-15,6.7724e-17,1.7934e-30,1.5543e-09,1.7382e-09,
5346,122.8194,4.0224e-15,2.5535e-15,1.7097e-16,9.1771e-30,2.5535e-09,4.1274e-09,
5347,122.8432,6.5734e-15,1.2212e-15,6.1617e-17,1.3177e-30,1.2212e-09,1.5525e-09,
5348,122.866,6.1357e-15,8.8818e-16,4.5519e-17,7.1336e-31,8.8818e-10,1.1275e-09,
5349,122.8883,2.9622e-15,2.3315e-15,1.2434e-16,5.4253e-30,2.3315e-09,3.1375e-09,
5350,122.9131,4.6063e-15,7.7716e-16,2.7756e-17,3.563e-31,7.7716e-10,7.7242e-10,
5351,122.9351,4.6782e-15,2.0539e-15,1.1546e-16,4.4177e-30,2.0539e-09,2.892e-09,
5352,122.9589,3.5927e-15,2.2204e-16,1.3323e-17,6.4711e-32,2.2204e-10,3.4373e-10,
5353,122.9796,3.1342e-15,2.7756e-15,1.2657e-16,6.0648e-30,2.7756e-09,3.2532e-09,
5354,123.0025,4.3416e-15,2.2204e-15,1.2434e-16,5.0509e-30,2.2204e-09,3.0585e-09,
5355,123.0257,6.8487e-15,2.5535e-15,1.199e-16,5.5948e-30,2.5535e-09,3.0949e-09,
5356,123.0492,6.5771e-15,1.7764e-15,1.0159e-16,3.3746e-30,1.7764e-09,2.4772e-09,
5357,123.0722,5.9448e-15,2.2204e-15,1.0769e-16,4.3145e-30,2.2204e-09,2.7477e-09,
5358,123.0953,5.552e-15,1.7764e-15,9.2149e-17,2.9829e-30,1.7764e-09,2.2839e-09,
5359,123.1183,5.5554e-15,1.8874e-15,1.0381e-16,3.6997e-30,1.8874e-09,2.5911e-09,
5360,123.1417,5.1144e-15,1.4433e-15,7.6605e-17,1.9922e-30,1.4433e-09,1.8924e-09,
5361,123.1657,4.6632e-15,1.6653e-15,8.6042e-17,2.7059e-30,1.6653e-09,2.1896e-09,
5362,123.1888,4.4562e-15,1.5543e-15,7.6605e-17,2.0908e-30,1.5543e-09,1.9274e-09,
5363,123.2119,4.5047e-15,1.7764e-15,9.1038e-17,3.0045e-30,1.7764e-09,2.3038e-09,
5364,123.2349,4.5575e-15,1.1657e-15,7.6605e-17,1.8643e-30,1.1657e-09,1.8399e-09,
5365,123.2581,3.9317e-15,1.5543e-15,6.7168e-17,1.7692e-30,1.5543e-09,1.7477e-09,
5366,123.2808,3.8116e-15,2.5535e-15,1.682e-16,8.8812e-30,2.5535e-09,4.0603e-09,
5367,123.3048,6.5119e-15,8.8818e-16,4.996e-17,8.7668e-31,8.8818e-10,1.2547e-09,
5368,123.3269,5.7191e-15,1.6653e-15,7.3275e-17,2.0954e-30,1.6653e-09,1.9068e-09,
5369,123.3501,3.6437e-15,1.3878e-15,8.6042e-17,2.3993e-30,1.3878e-09,2.1452e-09,
5370,123.3729,3.956e-15,6.6613e-16,2.1094e-17,2.419e-31,6.6613e-10,6.327e-10,
5371,123.3939,3.0683e-15,1.6653e-15,1.2546e-16,4.4296e-30,1.6653e-09,2.5686e-09,
5372,123.4177,4.0367e-15,2.7756e-16,1.1102e-17,4.7763e-32,2.7756e-10,2.009e-10,
5373,123.4378,3.8978e-15,4.1078e-15,2.2982e-16,1.9779e-29,4.1078e-09,5.2928e-09,
5374,123.4616,1.0812e-14,1.1657e-15,5.3291e-17,1.0851e-30,1.1657e-09,1.4347e-09,
5375,123.4848,9.5174e-15,3.3307e-16,1.7764e-17,1.1748e-31,3.3307e-10,4.0798e-10,
5376,123.5062,2.2746e-15,2.0539e-15,1.4044e-16,5.6041e-30,2.0539e-09,2.9738e-09,
5377,123.5306,5.3738e-15,6.1062e-16,3.8858e-17,4.3179e-31,6.1062e-10,9.3152e-10,
5378,123.5527,4.6781e-15,1.2212e-15,3.8858e-17,8.1968e-31,1.2212e-09,1.0885e-09,
5379,123.5743,2.6175e-15,1.3878e-15,7.2164e-17,1.6613e-30,1.3878e-09,1.397e-09,
5380,123.5964,4.3245e-15,2.4425e-15,9.4369e-17,3.687e-30,2.4425e-09,1.8279e-09,
5381,123.619,8.1913e-15,4.2188e-15,2.8477e-16,2.4269e-29,4.2188e-09,6.0899e-09,
5382,123.6437,1.3987e-14,1.4988e-15,3.9968e-17,1.1498e-30,1.4988e-09,9.6567e-10,
5383,123.6653,7.604e-15,6.4393e-15,4.0523e-16,4.987e-29,6.4393e-09,9.6044e-09,
5384,123.6899,1.4943e-14,1.7208e-15,5.9397e-17,1.6998e-30,1.7208e-09,1.2161e-09,
5385,123.7123,1.053e-14,3.1641e-15,2.0428e-16,1.2674e-29,3.1641e-09,4.5278e-09,
5386,123.7366,9.6451e-15,3.3307e-16,2.1094e-17,1.3443e-31,3.3307e-10,4.4589e-10,
5387,123.7573,6.2767e-15,2.8866e-15,2.226e-16,1.3636e-29,2.8866e-09,4.7917e-09,
5388,123.7811,8.2672e-15,1.1657e-15,7.1609e-17,1.5134e-30,1.1657e-09,1.6762e-09,
5389,123.804,7.3204e-15,1.1102e-15,4.5519e-17,8.5974e-31,1.1102e-09,1.1601e-09,
5390,123.8262,3.0682e-15,1.9984e-15,1.2434e-16,4.7809e-30,1.9984e-09,2.9478e-09,
5391,123.8496,5.0564e-15,2.5535e-15,1.0547e-16,4.5144e-30,2.5535e-09,2.7708e-09,
5392,123.8734,6.5582e-15,1.8874e-15,1.1768e-16,4.5282e-30,1.8874e-09,2.9105e-09,
5393,123.8966,6.2806e-15,2.3315e-15,1.1324e-16,4.7732e-30,2.3315e-09,2.8959e-09,
5394,123.9199,5.7839e-15,1.9984e-15,9.77e-17,3.3515e-30,1.9984e-09,2.4401e-09,
5395,123.9428,5.902e-15,1.7764e-15,1.0048e-16,3.655e-30,1.7764e-09,2.54e-09,
5396,123.9666,5.2318e-15,1.6653e-15,6.7724e-17,1.897e-30,1.6653e-09,1.7968e-09,
5397,123.989,4.8776e-15,3.0531e-15,1.9318e-16,1.2272e-29,3.0531e-09,4.8206e-09,
5398,124.0128,6.4404e-15,6.6613e-16,2.7756e-17,3.0237e-31,6.6613e-10,7.1361e-10,
5399,124.0343,5.7035e-15,2.2204e-15,1.5099e-16,6.8968e-30,2.2204e-09,3.5906e-09,
5400,124.0594,4.5676e-15,8.8818e-16,3.2752e-17,4.9342e-31,8.8818e-10,9.1383e-10,
5401,124.0842,4.8381e-15,2.7756e-15,1.632e-16,9.6589e-30,2.7756e-09,4.2471e-09,
5402,124.109,5.3972e-15,6.6613e-16,2.6645e-17,2.9929e-31,6.6613e-10,7.0472e-10,
5403,124.1308,5.2253e-15,2.1094e-15,1.3656e-16,6.2138e-30,2.1094e-09,3.3673e-09,
5404,124.1566,4.3354e-15,6.6613e-16,3.2196e-17,4.2833e-31,6.6613e-10,8.4287e-10,
5405,124.1783,4.1899e-15,3.3307e-15,1.7986e-16,1.1371e-29,3.3307e-09,4.5117e-09,
5406,124.2029,6.0085e-15,7.7716e-16,4.5519e-17,6.5482e-31,7.7716e-10,1.0933e-09,
5407,124.2254,6.2086e-15,1.9984e-15,1.0436e-16,3.8842e-30,1.9984e-09,2.6088e-09,
5408,124.2485,3.9834e-15,1.5543e-15,9.77e-17,3.1092e-30,1.5543e-09,2.3947e-09,
5409,124.2717,4.9208e-15,1.7764e-15,9.1038e-17,2.8951e-30,1.7764e-09,2.2927e-09,
5410,124.2947,4.7705e-15,1.4433e-15,7.383e-17,1.8724e-30,1.4433e-09,1.8087e-09,
5411,124.3183,4.5238e-15,1.6653e-15,8.5487e-17,2.721e-30,1.6653e-09,2.1706e-09,
5412,124.3414,4.3017e-15,1.4433e-15,6.8834e-17,1.7152e-30,1.4433e-09,1.7432e-09,
5413,124.3639,4.3702e-15,3.1086e-15,1.7431e-16,1.0831e-29,3.1086e-09,4.3757e-09,
5414,124.3876,6.5592e-15,6.6613e-16,4.4964e-17,6.4442e-31,6.6613e-10,1.1209e-09,
5415,124.4102,5.7e-15,2.1094e-15,9.2149e-17,3.4605e-30,2.1094e-09,2.4091e-09,
5416,124.4336,3.9113e-15,1.6653e-15,1.0048e-16,3.3654e-30,1.6653e-09,2.5079e-09,
5417,124.4568,5.4174e-15,2.2204e-15,9.3814e-17,3.6427e-30,2.2204e-09,2.4953e-09,
5418,124.4798,5.47e-15,1.6653e-15,1.0658e-16,3.5899e-30,1.6653e-09,2.5985e-09,
5419,124.5028,5.2303e-15,2.1094e-15,8.5487e-17,3.1127e-30,2.1094e-09,2.2996e-09,
5420,124.5258,5.2556e-15,1.7208e-15,1.1047e-16,4.0294e-30,1.7208e-09,2.7247e-09,
5421,124.5493,5.2356e-15,2.1094e-15,8.4377e-17,3.0973e-30,2.1094e-09,2.2791e-09,
5422,124.5724,5.1945e-15,1.4988e-15,1.0103e-16,3.2078e-30,1.4988e-09,2.4765e-09,
5423,124.5955,5.0796e-15,1.9984e-15,1.0214e-16,3.781e-30,1.9984e-09,2.5959e-09,
5424,124.6185,4.7959e-15,1.7764e-15,8.2712e-17,2.4271e-30,1.7764e-09,2.0631e-09,
5425,124.6417,5.2291e-15,1.7764e-15,1.1158e-16,4.202e-30,1.7764e-09,2.7735e-09,
5426,124.6659,4.9621e-15,5.5511e-16,2.5535e-17,2.2495e-31,5.5511e-10,6.4799e-10,
5427,124.6879,3.6782e-15,2.2204e-15,1.3767e-16,6.5066e-30,2.2204e-09,3.4224e-09,
5428,124.7121,4.4572e-15,6.6613e-16,3.4417e-17,4.2679e-31,6.6613e-10,8.7136e-10,
5429,124.7344,4.4458e-15,1.5543e-15,9.4369e-17,3.1108e-30,1.5543e-09,2.3795e-09,
5430,124.7576,3.3778e-15,1.4433e-15,5.9952e-17,1.4067e-30,1.4433e-09,1.5714e-09,
5431,124.7802,4.2738e-15,2.498e-15,1.5932e-16,8.3851e-30,2.498e-09,4.0106e-09,
5432,124.8041,5.5402e-15,5.5511e-16,2.7756e-17,2.9467e-31,5.5511e-10,7.1909e-10,
5433,124.8255,4.673e-15,2.8866e-15,1.5099e-16,8.0165e-30,2.8866e-09,3.7121e-09,
5434,124.8495,5.0668e-15,7.7716e-16,3.5527e-17,4.5914e-31,7.7716e-10,8.8391e-10,
5435,124.8708,5.407e-15,3.1086e-15,1.954e-16,1.2283e-29,3.1086e-09,4.6826e-09,
5436,124.8951,6.295e-15,6.6613e-16,4.4964e-17,5.8895e-31,6.6613e-10,1.042e-09,
5437,124.9173,5.9712e-15,1.8874e-15,1.0381e-16,3.4424e-30,1.8874e-09,2.5144e-09,
5438,124.9408,3.7991e-15,1.5543e-15,8.8818e-17,2.5361e-30,1.5543e-09,2.1491e-09,
5439,124.9639,4.8483e-15,1.8874e-15,9.1593e-17,3.0526e-30,1.8874e-09,2.3179e-09,
5440,124.9881,4.8086e-15,1.4433e-15,7.9936e-17,2.1097e-30,1.4433e-09,1.9595e-09,
5441,125.0114,4.6909e-15,1.9984e-15,9.6589e-17,3.3973e-30,1.9984e-09,2.4203e-09,
5442,125.0345,4.7195e-15,1.5543e-15,7.9936e-17,2.2834e-30,1.5543e-09,2.0156e-09,
5443,125.0578,4.9737e-15,1.5543e-15,8.4377e-17,2.4687e-30,1.5543e-09,2.0966e-09,
5444,125.0813,4.3487e-15,9.992e-16,6.1062e-17,1.1848e-30,9.992e-10,1.4762e-09,
5445,125.1044,3.5914e-15,1.2212e-15,5.3291e-17,1.1109e-30,1.2212e-09,1.4017e-09,
5446,125.1269,3.166e-15,2.4425e-15,1.36e-16,6.2173e-30,2.4425e-09,3.383e-09,
5447,125.1508,5.4809e-15,1.2212e-15,5.9952e-17,1.2823e-30,1.2212e-09,1.5191e-09,
5448,125.1742,5.4259e-15,7.7716e-16,5.107e-17,8.5704e-31,7.7716e-10,1.2491e-09,
5449,125.1964,2.8695e-15,2.4425e-15,1.1102e-16,4.7856e-30,2.4425e-09,2.8828e-09,
5450,125.2197,4.6154e-15,2.1094e-15,1.2101e-16,4.8703e-30,2.1094e-09,2.9748e-09,
5451,125.2431,6.4097e-15,2.4425e-15,1.2212e-16,5.4608e-30,2.4425e-09,3.1095e-09,
5452,125.2671,6.3517e-15,6.6613e-16,4.4409e-17,6.7022e-31,6.6613e-10,1.0862e-09,
5453,125.2902,4.3575e-15,2.1094e-15,8.7708e-17,3.1847e-30,2.1094e-09,2.3297e-09,
5454,125.3131,3.7264e-15,1.7764e-15,9.6589e-17,3.1805e-30,1.7764e-09,2.3987e-09,
5455,125.3354,5.4199e-15,1.9984e-15,9.6589e-17,3.4035e-30,1.9984e-09,2.4462e-09,
5456,125.3577,5.2302e-15,1.3323e-15,9.3259e-17,2.7903e-30,1.3323e-09,2.2559e-09,
5457,125.38,4.6073e-15,1.8874e-15,7.9936e-17,2.5746e-30,1.8874e-09,2.0887e-09,
5458,125.4025,4.5828e-15,1.4433e-15,8.5487e-17,2.3342e-30,1.4433e-09,2.0656e-09,
5459,125.425,4.7095e-15,1.6653e-15,8.9373e-17,2.8569e-30,1.6653e-09,2.2564e-09,
5460,125.4479,4.3624e-15,1.3323e-15,7.1054e-17,1.6825e-30,1.3323e-09,1.7409e-09,
5461,125.4708,4.1955e-15,1.5543e-15,7.494e-17,2.0681e-30,1.5543e-09,1.884e-09,
5462,125.493,4.1149e-15,1.2212e-15,7.2164e-17,1.7214e-30,1.2212e-09,1.7673e-09,
5463,125.5159,3.9335e-15,1.5543e-15,6.7724e-17,1.8585e-30,1.5543e-09,1.7842e-09,
5464,125.5384,3.927e-15,1.3323e-15,7.5495e-17,1.9506e-30,1.3323e-09,1.8815e-09,
5465,125.561,4.0831e-15,1.5543e-15,7.2164e-17,1.9583e-30,1.5543e-09,1.8471e-09,
5466,125.5833,3.9546e-15,1.3323e-15,7.494e-17,1.8832e-30,1.3323e-09,1.8449e-09,
5467,125.606,3.9432e-15,1.4433e-15,6.8834e-17,1.7873e-30,1.4433e-09,1.7707e-09,
5468,125.6284,3.8996e-15,1.3323e-15,5.7732e-17,1.285e-30,1.3323e-09,1.4784e-09,
5469,125.6504,3.8964e-15,2.3315e-15,1.5321e-16,7.7006e-30,2.3315e-09,3.7556e-09,
5470,125.6734,5.329e-15,7.7716e-16,2.7756e-17,3.7132e-31,7.7716e-10,7.8675e-10,
5471,125.6948,4.9797e-15,2.276e-15,1.3878e-16,6.371e-30,2.276e-09,3.4461e-09,
5472,125.7178,4.4003e-15,5.5511e-16,2.8866e-17,2.6347e-31,5.5511e-10,7.127e-10,
5473,125.739,4.0547e-15,2.5535e-15,1.4266e-16,7.2804e-30,2.5535e-09,3.5938e-09,
5474,125.7623,4.7739e-15,9.992e-16,3.8858e-17,6.3633e-31,9.992e-10,1.0261e-09,
5475,125.7833,5.3301e-15,2.9976e-15,2.0761e-16,1.3557e-29,2.9976e-09,4.971e-09,
5476,125.8065,6.5011e-15,7.7716e-16,2.4425e-17,3.3473e-31,7.7716e-10,7.4268e-10,
5477,125.8276,6.4344e-15,1.7208e-15,8.7153e-17,3.088e-30,1.7208e-09,2.4546e-09,
5478,125.8516,2.8865e-15,2.2204e-16,8.8818e-18,3.6978e-32,2.2204e-10,2.4564e-10,
5479,125.872,2.7742e-15,2.609e-15,1.1324e-16,5.0506e-30,2.609e-09,2.6628e-09,
5480,125.8939,4.6874e-15,2.72e-15,1.027e-16,4.7366e-30,2.72e-09,2.2073e-09,
5481,125.9159,8.9914e-15,9.6589e-15,2.6534e-16,4.8806e-29,9.6589e-09,6.7233e-09,
5482,125.9384,2.3012e-14,8.3267e-15,4.0412e-16,5.6662e-29,8.3267e-09,8.7067e-09,
5483,125.9612,2.6271e-14,2.387e-15,1.471e-16,7.1849e-30,2.387e-09,3.7088e-09,
5484,125.9839,1.7038e-14,3.3307e-16,2.4425e-17,1.664e-31,3.3307e-10,5.3842e-10,
5485,126.0049,4.0714e-15,2.2204e-15,1.0436e-16,3.8488e-30,2.2204e-09,2.4626e-09,
5486,126.027,3.9137e-15,1.6653e-15,1.0103e-16,3.137e-30,1.6653e-09,2.386e-09,
5487,126.0489,5.8074e-15,1.9984e-15,1.0769e-16,4.0002e-30,1.9984e-09,2.6417e-09,
5488,126.0722,5.2911e-15,1.4433e-15,8.6597e-17,2.4317e-30,1.4433e-09,2.1167e-09,
5489,126.0942,4.7463e-15,1.8874e-15,7.5495e-17,2.4698e-30,1.8874e-09,2.0306e-09,
5490,126.1163,4.7111e-15,1.3878e-15,8.9928e-17,2.6424e-30,1.3878e-09,2.2283e-09,
5491,126.1387,4.5163e-15,1.6653e-15,7.4385e-17,2.1821e-30,1.6653e-09,1.9414e-09,
5492,126.1607,4.242e-15,1.2212e-15,7.5495e-17,1.7923e-30,1.2212e-09,1.8082e-09,
5493,126.1826,4.1044e-15,1.2212e-15,7.3275e-17,1.8628e-30,1.2212e-09,1.8157e-09,
5494,126.2059,3.456e-15,8.8818e-16,5.218e-17,8.4895e-31,8.8818e-10,1.244e-09,
5495,126.2271,3.0651e-15,2.4425e-15,1.0991e-16,4.5991e-30,2.4425e-09,2.828e-09,
5496,126.2492,4.6516e-15,1.8874e-15,1.0658e-16,3.7178e-30,1.8874e-09,2.6239e-09,
5497,126.272,5.9649e-15,2.5535e-15,1.0769e-16,4.7104e-30,2.5535e-09,2.8301e-09,
5498,126.294,6.163e-15,1.7764e-15,1.1102e-16,4.009e-30,1.7764e-09,2.7167e-09,
5499,126.316,6.0644e-15,2.3315e-15,1.0325e-16,4.3202e-30,2.3315e-09,2.7056e-09,
5500,126.3406,5.6956e-15,1.8874e-15,1.0492e-16,3.6997e-30,1.8874e-09,2.5874e-09,
5501,126.366,5.8233e-15,2.3315e-15,1.1435e-16,4.8025e-30,2.3315e-09,2.8942e-09,
5502,126.3886,5.9039e-15,1.8874e-15,1.027e-16,3.5241e-30,1.8874e-09,2.5454e-09,
5503,126.4121,5.914e-15,2.2204e-15,1.088e-16,4.3773e-30,2.2204e-09,2.7982e-09,
5504,126.4347,5.7565e-15,1.7764e-15,9.3814e-17,2.9987e-30,1.7764e-09,2.319e-09,
5505,126.4572,5.5691e-15,1.9984e-15,1.0658e-16,4.1773e-30,1.9984e-09,2.6955e-09,
5506,126.4815,5.2738e-15,1.5543e-15,8.6597e-17,2.4621e-30,1.5543e-09,2.1128e-09,
5507,126.504,4.917e-15,1.6653e-15,9.5479e-17,3.1601e-30,1.6653e-09,2.3625e-09,
5508,126.526,4.5067e-15,1.2212e-15,7.0499e-17,1.5935e-30,1.2212e-09,1.7044e-09,
5509,126.5492,4.097e-15,1.3323e-15,5.5511e-17,1.2896e-30,1.3323e-09,1.465e-09,
5510,126.5707,3.6409e-15,2.2204e-15,1.4766e-16,6.9723e-30,2.2204e-09,3.6193e-09,
5511,126.5935,5.6105e-15,9.992e-16,3.8858e-17,6.6406e-31,9.992e-10,1.0564e-09,
5512,126.6163,5.3674e-15,1.7764e-15,1.0325e-16,3.7533e-30,1.7764e-09,2.5818e-09,
5513,126.6384,4.3445e-15,2.2204e-15,1.0547e-16,4.0737e-30,2.2204e-09,2.6698e-09,
5514,126.6607,5.5864e-15,1.7764e-15,8.9928e-17,2.8488e-30,1.7764e-09,2.2396e-09,
5515,126.6832,5.5158e-15,1.9984e-15,1.0547e-16,3.7644e-30,1.9984e-09,2.5883e-09,
5516,126.7052,5.261e-15,1.5543e-15,6.9389e-17,1.9032e-30,1.5543e-09,1.7663e-09,
5517,126.7267,5.0007e-15,2.8866e-15,1.9318e-16,1.2075e-29,2.8866e-09,4.6696e-09,
5518,126.7509,6.6487e-15,6.6613e-16,2.7756e-17,3.0045e-31,6.6613e-10,7.1892e-10,
5519,126.7717,5.9792e-15,2.4425e-15,1.521e-16,7.9044e-30,2.4425e-09,3.8288e-09,
5520,126.7953,4.8643e-15,6.6613e-16,1.9984e-17,2.4536e-31,6.6613e-10,6.2976e-10,
5521,126.8159,4.9282e-15,1.9429e-15,1.3989e-16,5.3298e-30,1.9429e-09,2.71e-09,
5522,126.8383,4.6731e-15,8.3267e-16,4.7184e-17,6.968e-31,8.3267e-10,9.1896e-10,
5523,126.8596,6.6329e-15,1.5543e-15,1.0547e-16,3.2802e-30,1.5543e-09,1.9928e-09,
5524,126.8836,5.9166e-15,1.2212e-15,7.0499e-17,1.441e-30,1.2212e-09,1.4357e-09,
5525,126.9051,6.3249e-15,2.6645e-15,1.8652e-16,9.8257e-30,2.6645e-09,3.9821e-09,
5526,126.9286,7.3279e-15,7.7716e-16,4.3299e-17,6.0744e-31,7.7716e-10,1.0179e-09,
5527,126.9509,5.7664e-15,1.7764e-15,9.5479e-17,2.9613e-30,1.7764e-09,2.3054e-09,
5528,126.9731,3.7872e-15,1.1102e-15,8.1601e-17,1.9263e-30,1.1102e-09,1.8982e-09,
5529,126.9954,4.1455e-15,1.5543e-15,6.1062e-17,1.6058e-30,1.5543e-09,1.651e-09,
5530,127.0179,3.8402e-15,2.6645e-15,1.7986e-16,9.7872e-30,2.6645e-09,4.3148e-09,
5531,127.0409,6.5739e-15,1.3323e-15,4.4409e-17,1.0261e-30,1.3323e-09,1.2888e-09,
5532,127.0628,6.4759e-15,2.4425e-15,1.4544e-16,7.1075e-30,2.4425e-09,3.7004e-09,
5533,127.0871,5.2532e-15,7.7716e-16,3.0531e-17,4.1793e-31,7.7716e-10,8.127e-10,
5534,127.1078,4.7446e-15,2.387e-15,1.5876e-16,8.1089e-30,2.387e-09,3.8798e-09,
5535,127.1308,5.5517e-15,1.2212e-15,5.7732e-17,1.2927e-30,1.2212e-09,1.4828e-09,
5536,127.1528,5.6559e-15,1.9984e-15,1.2101e-16,4.5471e-30,1.9984e-09,2.9163e-09,
5537,127.175,4.8361e-15,2.3315e-15,1.1102e-16,4.544e-30,2.3315e-09,2.8265e-09,
5538,127.1973,6.05e-15,1.8874e-15,1.1435e-16,4.1985e-30,1.8874e-09,2.7772e-09,
5539,127.2207,5.8504e-15,1.9984e-15,1.1324e-16,4.4836e-30,1.9984e-09,2.8435e-09,
5540,127.2431,5.4052e-15,1.8874e-15,9.1038e-17,2.9447e-30,1.8874e-09,2.2769e-09,
5541,127.2652,5.328e-15,1.7764e-15,9.2149e-17,3.1678e-30,1.7764e-09,2.3454e-09,
5542,127.2886,5.0598e-15,1.2212e-15,6.8279e-17,1.5011e-30,1.2212e-09,1.6496e-09,
5543,127.3108,4.2113e-15,1.4433e-15,7.1054e-17,1.7657e-30,1.4433e-09,1.7635e-09,
5544,127.3334,3.7567e-15,8.8818e-16,6.4393e-17,1.2865e-30,8.8818e-10,1.5218e-09,
5545,127.3575,3.3119e-15,8.8818e-16,4.0523e-17,6.0744e-31,8.8818e-10,1.0309e-09,
5546,127.3794,2.6866e-15,1.7764e-15,9.1038e-17,2.7333e-30,1.7764e-09,2.2093e-09,
5547,127.4015,3.918e-15,1.7764e-15,9.9365e-17,3.4162e-30,1.7764e-09,2.4823e-09,
5548,127.4249,4.8983e-15,1.5543e-15,7.5495e-17,1.9691e-30,1.5543e-09,1.8668e-09,
5549,127.4462,4.6108e-15,3.3307e-15,1.9096e-16,1.2469e-29,3.3307e-09,4.7249e-09,
5550,127.4695,7.0359e-15,8.8818e-16,5.218e-17,8.9517e-31,8.8818e-10,1.2777e-09,
5551,127.4923,6.2941e-15,2.4425e-15,1.0991e-16,4.7255e-30,2.4425e-09,2.8498e-09,
5552,127.5145,4.6516e-15,1.8874e-15,1.0769e-16,3.8935e-30,1.8874e-09,2.6562e-09,
5553,127.5368,6.1144e-15,2.3315e-15,1.0658e-16,4.4466e-30,2.3315e-09,2.7769e-09,
5554,127.5602,5.925e-15,1.6653e-15,1.088e-16,3.7367e-30,1.6653e-09,2.6386e-09,
5555,127.5827,5.6078e-15,2.3315e-15,1.0325e-16,4.2359e-30,2.3315e-09,2.7056e-09,
5556,127.6047,5.5799e-15,1.7764e-15,1.088e-16,3.6701e-30,1.7764e-09,2.6516e-09,
5557,127.6277,5.7212e-15,2.1094e-15,9.1593e-17,3.2945e-30,2.1094e-09,2.3845e-09,
5558,127.6498,5.5464e-15,1.4433e-15,1.0159e-16,3.2252e-30,1.4433e-09,2.4561e-09,
5559,127.6731,5.1364e-15,1.7764e-15,8.9928e-17,2.9679e-30,1.7764e-09,2.2702e-09,
5560,127.6966,4.6054e-15,1.1102e-15,7.5495e-17,1.6994e-30,1.1102e-09,1.8089e-09,
5561,127.719,4.0607e-15,1.4433e-15,5.5511e-17,1.3651e-30,1.4433e-09,1.519e-09,
5562,127.7402,3.6777e-15,2.1649e-15,1.4766e-16,6.7839e-30,2.1649e-09,3.5612e-09,
5563,127.7637,5.5728e-15,1.2212e-15,4.4409e-17,9.152e-31,1.2212e-09,1.2374e-09,
5564,127.7854,5.458e-15,1.9429e-15,1.2768e-16,5.0028e-30,1.9429e-09,3.0727e-09,
5565,127.8083,4.8134e-15,8.8818e-16,3.6637e-17,5.747e-31,8.8818e-10,9.8965e-10,
5566,127.831,4.3897e-15,1.4433e-15,8.9928e-17,2.6778e-30,1.4433e-09,2.1956e-09,
5567,127.8536,3.7213e-15,1.6653e-15,8.3267e-17,2.5072e-30,1.6653e-09,2.1298e-09,
5568,127.8759,4.4035e-15,1.4433e-15,6.8834e-17,1.6655e-30,1.4433e-09,1.7336e-09,
5569,127.8976,4.2886e-15,3.1086e-15,1.7986e-16,1.1133e-29,3.1086e-09,4.4686e-09,
5570,127.9208,6.6554e-15,9.992e-16,4.6629e-17,7.7962e-31,9.992e-10,1.1719e-09,
5571,127.9421,6.203e-15,2.1094e-15,1.1657e-16,4.7162e-30,2.1094e-09,2.9129e-09,
5572,127.9658,4.4545e-15,1.7764e-15,8.5487e-17,2.5006e-30,1.7764e-09,2.0972e-09,
5573,127.988,5.4081e-15,1.7764e-15,1.0714e-16,3.8399e-30,1.7764e-09,2.6456e-09,
5574,128.0104,4.9119e-15,1.3323e-15,6.8834e-17,1.5438e-30,1.3323e-09,1.6605e-09,
5575,128.0323,4.3691e-15,3.1086e-15,1.6709e-16,9.5792e-30,3.1086e-09,4.1415e-09,
5576,128.0555,6.357e-15,9.992e-16,3.9968e-17,6.8717e-31,9.992e-10,1.0819e-09,
5577,128.077,6.0255e-15,1.8874e-15,1.0547e-16,3.7629e-30,1.8874e-09,2.5795e-09,
5578,128.1005,4.1244e-15,1.8874e-15,7.5495e-17,2.3774e-30,1.8874e-09,2.0268e-09,
5579,128.1221,5.2812e-15,2.9976e-15,1.9651e-16,1.2752e-29,2.9976e-09,4.8207e-09,
5580,128.145,7.2343e-15,6.6613e-16,3.2752e-17,4.5336e-31,6.6613e-10,8.1346e-10,
5581,128.1664,6.1325e-15,3.1086e-15,1.7431e-16,1.0648e-29,3.1086e-09,4.3808e-09,
5582,128.1893,5.9071e-15,6.1062e-16,4.3299e-17,5.4696e-31,6.1062e-10,1.0151e-09,
5583,128.2109,5.5681e-15,1.6653e-15,6.8279e-17,1.8169e-30,1.6653e-09,1.7859e-09,
5584,128.2332,3.1676e-15,2.9421e-15,1.9651e-16,1.1573e-29,2.9421e-09,4.6819e-09,
5585,128.2574,7.1284e-15,1.1102e-15,6.3283e-17,1.322e-30,1.1102e-09,1.5607e-09,
5586,128.2796,6.2298e-15,9.992e-16,3.8858e-17,6.3787e-31,9.992e-10,1.0514e-09,
5587,128.301,3.0211e-15,3.1641e-15,2.0872e-16,1.4535e-29,3.1641e-09,5.1262e-09,
5588,128.3243,6.5952e-15,6.6613e-16,3.7192e-17,4.0868e-31,6.6613e-10,8.8051e-10,
5589,128.3457,6.1773e-15,1.6653e-15,8.6597e-17,2.5318e-30,1.6653e-09,2.1307e-09,
5590,128.3693,3.4101e-15,1.3323e-15,7.2164e-17,1.6424e-30,1.3323e-09,1.7485e-09,
5591,128.3913,4.2471e-15,1.1102e-15,7.1054e-17,1.6563e-30,1.1102e-09,1.7207e-09,
5592,128.4135,3.549e-15,6.6613e-16,4.996e-17,7.1529e-31,6.6613e-10,1.1463e-09,
5593,128.4358,2.7384e-15,2.2204e-15,9.1593e-17,3.3346e-30,2.2204e-09,2.381e-09,
5594,128.4581,4.2481e-15,1.7764e-15,1.1602e-16,4.0418e-30,1.7764e-09,2.7486e-09,
5595,128.4804,5.3542e-15,1.8874e-15,7.494e-17,2.3593e-30,1.8874e-09,1.9938e-09,
5596,128.5028,4.9021e-15,3.3862e-15,2.1427e-16,1.4067e-29,3.3862e-09,5.1445e-09,
5597,128.5258,7.6432e-15,1.1102e-15,4.4409e-17,8.2468e-31,1.1102e-09,1.1741e-09,
5598,128.5476,6.9146e-15,1.9984e-15,1.1324e-16,4.3541e-30,1.9984e-09,2.7995e-09,
5599,128.5705,4.8502e-15,1.9984e-15,1.088e-16,4.1527e-30,1.9984e-09,2.7049e-09,
5600,128.5942,5.6877e-15,1.5543e-15,7.9936e-17,2.2556e-30,1.5543e-09,2.0012e-09,
5601,128.6189,5.0373e-15,1.7764e-15,9.4924e-17,3.1266e-30,1.7764e-09,2.3433e-09,
5602,128.6425,4.6551e-15,1.4433e-15,6.9944e-17,1.758e-30,1.4433e-09,1.7605e-09,
5603,128.665,4.4289e-15,1.4433e-15,7.7716e-17,2.0631e-30,1.4433e-09,1.9369e-09,
5604,128.6875,3.9459e-15,1.4433e-15,6.6613e-17,1.6224e-30,1.4433e-09,1.6982e-09,
5605,128.7099,3.9533e-15,3.2196e-15,1.7708e-16,1.0892e-29,3.2196e-09,4.3591e-09,
5606,128.733,6.8259e-15,7.7716e-16,4.3854e-17,6.0436e-31,7.7716e-10,1.0459e-09,
5607,128.7554,6.0933e-15,1.8874e-15,9.881e-17,3.4682e-30,1.8874e-09,2.4838e-09,
5608,128.7788,3.8099e-15,1.5543e-15,6.9389e-17,1.7892e-30,1.5543e-09,1.7648e-09,
5609,128.8003,4.7797e-15,2.8866e-15,1.7597e-16,1.0545e-29,2.8866e-09,4.3723e-09,
5610,128.8231,6.4877e-15,6.6613e-16,3.2196e-17,3.7286e-31,6.6613e-10,7.9045e-10,
5611,128.8459,5.6346e-15,2.7756e-15,1.7097e-16,9.5915e-30,2.7756e-09,4.1704e-09,
5612,128.8691,5.4637e-15,8.8818e-16,3.8303e-17,5.7816e-31,8.8818e-10,9.8158e-10,
5613,128.89,5.7076e-15,3.2196e-15,2.1372e-16,1.5212e-29,3.2196e-09,5.2783e-09,
5614,128.9142,6.7897e-15,6.6613e-16,4.5519e-17,6.0705e-31,6.6613e-10,1.105e-09,
5615,128.9355,6.2244e-15,1.9984e-15,7.383e-17,2.4902e-30,1.9984e-09,2.0458e-09,
5616,128.9578,3.5582e-15,1.6098e-15,9.3814e-17,2.8323e-30,1.6098e-09,2.3395e-09,
5617,128.9807,4.344e-15,1.6653e-15,5.3291e-17,1.5793e-30,1.6653e-09,1.6066e-09,
5618,129.0023,4.1304e-15,2.72e-15,1.6431e-16,8.6744e-30,2.72e-09,4.0949e-09,
5619,129.0253,6.0637e-15,9.992e-16,2.5535e-17,5.1345e-31,9.992e-10,9.1398e-10,
5620,129.0476,5.6981e-15,2.72e-15,1.2379e-16,6.5794e-30,2.72e-09,3.5983e-09,
5621,129.0708,4.2808e-15,5.5511e-16,1.5543e-17,1.6332e-31,5.5511e-10,5.1374e-10,
5622,129.0908,4.2318e-15,1.7208e-15,7.7716e-17,2.1416e-30,1.7208e-09,1.7783e-09,
5623,129.1138,3.0841e-15,1.1102e-15,6.1062e-17,1.1282e-30,1.1102e-09,1.4166e-09,
5624,129.1353,3.8742e-15,1.8874e-15,7.8826e-17,2.6813e-30,1.8874e-09,1.9324e-09,
5625,129.1576,4.3239e-15,1.4433e-15,9.3259e-17,2.5468e-30,1.4433e-09,2.2096e-09,
5626,129.1811,4.9221e-15,1.4433e-15,5.5511e-17,1.3959e-30,1.4433e-09,1.5328e-09,
5627,129.2024,3.794e-15,2.387e-15,1.6098e-16,8.0581e-30,2.387e-09,3.929e-09,
5628,129.2254,5.8647e-15,6.6613e-16,3.8858e-17,4.7802e-31,6.6613e-10,9.2671e-10,
5629,129.2476,5.1458e-15,1.2212e-15,6.6613e-17,1.3543e-30,1.2212e-09,1.5272e-09,
5630,129.2691,2.9479e-15,2.498e-15,1.7819e-16,9.3296e-30,2.498e-09,4.1785e-09,
5631,129.2922,5.9162e-15,6.6613e-16,2.4425e-17,2.7425e-31,6.6613e-10,6.6718e-10,
5632,129.314,5.4098e-15,1.9429e-15,1.0325e-16,3.4424e-30,1.9429e-09,2.5112e-09,
5633,129.337,3.338e-15,6.6613e-16,1.8874e-17,2.4806e-31,6.6613e-10,6.2953e-10,
5634,129.3575,3.6074e-15,2.5535e-15,1.1768e-16,5.111e-30,2.5535e-09,3.1724e-09,
5635,129.3814,3.9515e-15,5.5511e-16,2.1649e-17,2.1609e-31,5.5511e-10,6.0326e-10,
5636,129.4012,3.7973e-15,4.1078e-15,2.6201e-16,2.1198e-29,4.1078e-09,6.3345e-09,
5637,129.4243,8.2764e-15,1.8874e-15,8.3267e-17,2.6258e-30,1.8874e-09,2.1317e-09,
5638,129.4484,8.9573e-15,1.2212e-15,7.5495e-17,1.8027e-30,1.2212e-09,1.8201e-09,
5639,129.4714,4.3682e-15,1.5543e-15,7.6605e-17,2.1047e-30,1.5543e-09,1.9388e-09,
5640,129.4993,3.8952e-15,1.2212e-15,6.2172e-17,1.4021e-30,1.2212e-09,1.5875e-09,
5641,129.5292,3.8962e-15,1.4433e-15,6.6613e-17,1.6921e-30,1.4433e-09,1.7171e-09,
5642,129.5539,3.7057e-15,1.1102e-15,5.6066e-17,1.0835e-30,1.1102e-09,1.3904e-09,
5643,129.5753,3.472e-15,2.4425e-15,1.4655e-16,7.4033e-30,2.4425e-09,3.645e-09,
5644,129.5995,5.2608e-15,4.4409e-16,3.2752e-17,2.8234e-31,4.4409e-10,7.5423e-10,
5645,129.6213,4.6632e-15,1.2212e-15,6.4393e-17,1.322e-30,1.2212e-09,1.5352e-09,
5646,129.6427,2.5375e-15,1.9984e-15,1.3767e-16,5.3864e-30,1.9984e-09,3.1507e-09,
5647,129.6662,5.3541e-15,2.6645e-15,1.4544e-16,7.1078e-30,2.6645e-09,3.5721e-09,
5648,129.689,6.8029e-15,8.8818e-16,4.3299e-17,6.4249e-31,8.8818e-10,1.1058e-09,
5649,129.7105,5.2523e-15,2.3315e-15,1.1546e-16,4.8595e-30,2.3315e-09,2.9069e-09,
5650,129.7339,4.5754e-15,1.8874e-15,8.8818e-17,2.8508e-30,1.8874e-09,2.2308e-09,
5651,129.7562,5.7526e-15,1.7208e-15,1.1768e-16,4.5205e-30,1.7208e-09,2.8832e-09,
5652,129.7793,4.9429e-15,4.4409e-16,1.7764e-17,1.2634e-31,4.4409e-10,4.6487e-10,
5653,129.8,3.6327e-15,2.8311e-15,1.7653e-16,1.0178e-29,2.8311e-09,4.3415e-09,
5654,129.823,5.2367e-15,4.996e-16,3.2752e-17,3.3781e-31,4.996e-10,7.9731e-10,
5655,129.8442,4.8875e-15,1.4433e-15,6.4393e-17,1.5458e-30,1.4433e-09,1.6229e-09,
5656,129.8668,2.6365e-15,2.5535e-15,1.4988e-16,7.1818e-30,2.5535e-09,3.6292e-09,
5657,129.8896,6.0984e-15,1.2212e-15,6.2172e-17,1.3978e-30,1.2212e-09,1.559e-09,
5658,129.912,5.7319e-15,1.2212e-15,5.0515e-17,1.045e-30,1.2212e-09,1.3355e-09,
5659,129.9341,3.4229e-15,2.1094e-15,1.36e-16,6.1295e-30,2.1094e-09,3.3384e-09,
5660,129.9573,4.9734e-15,5.5511e-16,1.6653e-17,1.7141e-31,5.5511e-10,5.2188e-10,
5661,129.977,4.5009e-15,1.1102e-15,7.4385e-17,1.5565e-30,1.1102e-09,1.4862e-09,
5662,130.0004,2.6185e-15,6.1062e-16,2.5535e-17,2.731e-31,6.1062e-10,4.8697e-10,
5663,130.0211,3.951e-15,2.3315e-15,1.1935e-16,5.6149e-30,2.3315e-09,2.8236e-09,
5664,130.0451,6.7312e-15,7.2164e-16,3.7748e-17,5.408e-31,7.2164e-10,9.9122e-10,
5665,130.0674,4.8193e-15,3.3307e-16,1.6653e-17,1.1864e-31,3.3307e-10,3.8659e-10,
5666,130.088,1.6091e-15,1.3323e-15,6.9389e-17,1.5843e-30,1.3323e-09,1.4729e-09,
5667,130.1095,3.8029e-15,2.5535e-15,1.2546e-16,5.373e-30,2.5535e-09,2.6062e-09,
5668,130.133,8.0166e-15,1.3878e-15,6.4393e-17,1.4132e-30,1.3878e-09,1.3417e-09,
5669,130.1542,8.1149e-15,2.498e-15,1.4988e-16,7.5265e-30,2.498e-09,3.3512e-09,
5670,130.1775,8.3545e-15,4.996e-16,3.5527e-17,3.6053e-31,4.996e-10,7.8588e-10,
5671,130.1998,5.4574e-15,9.992e-16,5.4401e-17,9.0134e-31,9.992e-10,1.204e-09,
5672,130.2213,2.3736e-15,1.9984e-15,1.2823e-16,5.0032e-30,1.9984e-09,2.9354e-09,
5673,130.2442,4.7874e-15,3.3307e-16,2.3315e-17,1.4637e-31,3.3307e-10,5.148e-10,
5674,130.2662,3.8516e-15,1.6653e-15,1.0325e-16,3.0988e-30,1.6653e-09,2.3977e-09,
5675,130.2885,3.4454e-15,1.2212e-15,7.8826e-17,1.7472e-30,1.2212e-09,1.8193e-09,
5676,130.3107,4.6126e-15,1.5543e-15,6.7168e-17,1.7353e-30,1.5543e-09,1.7331e-09,
5677,130.3329,4.0776e-15,2.6645e-15,1.8097e-16,1.0178e-29,2.6645e-09,4.3243e-09,
5678,130.3558,6.8123e-15,1.2212e-15,6.7724e-17,1.5546e-30,1.2212e-09,1.6738e-09,
5679,130.378,6.2626e-15,1.1102e-15,6.1062e-17,1.2515e-30,1.1102e-09,1.509e-09,
5680,130.4005,3.2767e-15,2.7756e-15,1.4433e-16,7.5516e-30,2.7756e-09,3.6826e-09,
5681,130.4235,5.516e-15,9.992e-16,2.7756e-17,5.2886e-31,9.992e-10,9.1962e-10,
5682,130.4441,5.6373e-15,6.3838e-16,3.2752e-17,3.7325e-31,6.3838e-10,8.0872e-10,
5683,130.4662,1.8052e-15,7.2164e-16,3.2196e-17,5.0421e-31,7.2164e-10,8.6879e-10,
5684,130.4876,1.9217e-15,7.7716e-16,4.8295e-17,6.5982e-31,7.7716e-10,1.1032e-09,
5685,130.5092,2.2302e-15,7.7716e-16,4.885e-17,8.0273e-31,7.7716e-10,1.0743e-09,
5686,130.5318,3.0007e-15,1.4988e-15,9.1593e-17,2.8585e-30,1.4988e-09,2.1288e-09,
5687,130.5539,4.744e-15,7.7716e-16,5.107e-17,7.1799e-31,7.7716e-10,1.0599e-09,
5688,130.5754,4.6449e-15,1.5543e-15,1.0436e-16,3.2791e-30,1.5543e-09,2.2885e-09,
5689,130.5984,5.1251e-15,1.1102e-15,5.7732e-17,1.1063e-30,1.1102e-09,1.3458e-09,
5690,130.6205,5.4309e-15,2.498e-15,1.6764e-16,7.9275e-30,2.498e-09,3.8472e-09,
5691,130.644,6.1818e-15,6.6613e-16,2.276e-17,2.6231e-31,6.6613e-10,6.4823e-10,
5692,130.6656,5.0719e-15,2.498e-15,1.4877e-16,7.2939e-30,2.498e-09,3.724e-09,
5693,130.6889,5.012e-15,9.992e-16,4.4964e-17,7.723e-31,9.992e-10,1.1573e-09,
5694,130.7104,5.0249e-15,1.5543e-15,1.0492e-16,3.3423e-30,1.5543e-09,2.52e-09,
5695,130.7347,4.0505e-15,1.9984e-15,9.77e-17,3.5221e-30,1.9984e-09,2.4889e-09,
5696,130.757,5.0826e-15,1.4433e-15,9.2704e-17,2.7398e-30,1.4433e-09,2.2215e-09,
5697,130.7795,4.8223e-15,1.9984e-15,8.5487e-17,2.8581e-30,1.9984e-09,2.2205e-09,
5698,130.8028,4.8806e-15,1.4988e-15,9.9365e-17,3.1805e-30,1.4988e-09,2.4401e-09,
5699,130.825,4.976e-15,1.9984e-15,8.9928e-17,3.2448e-30,1.9984e-09,2.346e-09,
5700,130.8492,4.859e-15,1.4433e-15,8.7708e-17,2.4744e-30,1.4433e-09,2.1577e-09,
5701,130.8752,4.8325e-15,1.9984e-15,9.2149e-17,3.2463e-30,1.9984e-09,2.365e-09,
5702,130.8979,4.8597e-15,1.4433e-15,8.3267e-17,2.3265e-30,1.4433e-09,2.0343e-09,
5703,130.9208,4.8778e-15,1.8874e-15,8.6597e-17,2.9135e-30,1.8874e-09,2.2162e-09,
5704,130.9433,4.6376e-15,1.5543e-15,8.3267e-17,2.365e-30,1.5543e-09,2.0626e-09,
5705,130.966,4.8362e-15,1.6653e-15,1.0214e-16,3.5514e-30,1.6653e-09,2.4998e-09,
5706,130.9882,4.6066e-15,1.4433e-15,5.9397e-17,1.4487e-30,1.4433e-09,1.5762e-09,
5707,131.01,4.4381e-15,2.609e-15,1.6098e-16,8.8608e-30,2.609e-09,4.0456e-09,
5708,131.0332,5.6873e-15,5.5511e-16,3.4417e-17,4.2563e-31,5.5511e-10,8.7857e-10,
5709,131.0549,4.75e-15,1.4433e-15,6.5503e-17,1.7044e-30,1.4433e-09,1.7139e-09,
5710,131.077,2.7324e-15,9.992e-16,6.2172e-17,1.2295e-30,9.992e-10,1.5043e-09,
5711,131.0988,3.3995e-15,2.7756e-15,1.2101e-16,5.8333e-30,2.7756e-09,3.154e-09,
5712,131.1212,5.1988e-15,2.1094e-15,1.299e-16,5.487e-30,2.1094e-09,3.1806e-09,
5713,131.1437,6.8728e-15,2.5535e-15,1.1213e-16,5.0675e-30,2.5535e-09,2.954e-09,
5714,131.1659,6.6122e-15,1.8874e-15,1.1602e-16,4.4562e-30,1.8874e-09,2.8542e-09,
5715,131.1884,6.2521e-15,2.4425e-15,1.1213e-16,4.8722e-30,2.4425e-09,2.9111e-09,
5716,131.2111,6.0441e-15,2.1094e-15,1.2546e-16,5.2678e-30,2.1094e-09,3.1049e-09,
5717,131.2339,6.3166e-15,2.6645e-15,1.1269e-16,5.2944e-30,2.6645e-09,2.9867e-09,
5718,131.2559,6.6728e-15,1.8874e-15,1.2268e-16,4.7228e-30,1.8874e-09,2.984e-09,
5719,131.2786,6.459e-15,2.3315e-15,1.0103e-16,4.0306e-30,2.3315e-09,2.6539e-09,
5720,131.3009,6.0988e-15,1.7764e-15,1.1435e-16,4.1107e-30,1.7764e-09,2.7846e-09,
5721,131.3234,5.8716e-15,2.3315e-15,9.77e-17,3.9786e-30,2.3315e-09,2.585e-09,
5722,131.3456,5.8058e-15,1.7764e-15,1.1047e-16,4.0433e-30,1.7764e-09,2.7256e-09,
5723,131.368,5.8008e-15,2.2204e-15,9.9365e-17,3.8908e-30,2.2204e-09,2.5846e-09,
5724,131.3902,5.6199e-15,1.8874e-15,1.0492e-16,3.8091e-30,1.8874e-09,2.6256e-09,
5725,131.4126,5.7156e-15,2.2204e-15,1.1158e-16,4.5348e-30,2.2204e-09,2.8193e-09,
5726,131.435,5.6539e-15,1.5543e-15,8.4932e-17,2.3901e-30,1.5543e-09,2.1007e-09,
5727,131.4577,5.2214e-15,1.7764e-15,9.4369e-17,3.3064e-30,1.7764e-09,2.3677e-09,
5728,131.4801,4.7331e-15,1.2212e-15,6.7724e-17,1.5916e-30,1.2212e-09,1.6936e-09,
5729,131.5025,4.3105e-15,1.2212e-15,7.605e-17,2.0064e-30,1.2212e-09,1.8778e-09,
5730,131.5249,3.4612e-15,1.1102e-15,4.4409e-17,8.5704e-31,1.1102e-09,1.2025e-09,
5731,131.5466,3.3221e-15,2.0539e-15,1.2879e-16,5.4311e-30,2.0539e-09,3.1884e-09,
5732,131.5696,4.4778e-15,7.7716e-16,2.7756e-17,3.6207e-31,7.7716e-10,7.6606e-10,
5733,131.5905,4.2671e-15,2.2204e-15,1.3767e-16,5.886e-30,2.2204e-09,3.2884e-09,
5734,131.6137,4.2876e-15,5.5511e-16,1.7764e-17,1.8489e-31,5.5511e-10,5.4949e-10,
5735,131.6345,4.1807e-15,1.6098e-15,7.1054e-17,1.7765e-30,1.6098e-09,1.8603e-09,
5736,131.6567,2.293e-15,7.7716e-16,2.6645e-17,4.0252e-31,7.7716e-10,8.3593e-10,
5737,131.6778,2.3441e-15,2.6645e-15,1.3323e-16,6.6052e-30,2.6645e-09,3.3466e-09,
5738,131.7008,4.7886e-15,6.6613e-16,4.2188e-17,5.381e-31,6.6613e-10,1.0118e-09,
5739,131.7224,4.7114e-15,1.6653e-15,7.7161e-17,2.1235e-30,1.6653e-09,1.9483e-09,
5740,131.7446,3.1701e-15,1.5543e-15,9.1038e-17,2.6886e-30,1.5543e-09,2.1883e-09,
5741,131.7672,4.6316e-15,1.8874e-15,8.7153e-17,2.8492e-30,1.8874e-09,2.2489e-09,
5742,131.7893,4.7895e-15,1.7764e-15,8.8818e-17,2.7703e-30,1.7764e-09,2.2169e-09,
5743,131.8128,5.1074e-15,1.6653e-15,9.5479e-17,3.194e-30,1.6653e-09,2.3778e-09,
5744,131.8355,4.8698e-15,1.5543e-15,7.7716e-17,2.0369e-30,1.5543e-09,1.9043e-09,
5745,131.8586,4.5169e-15,1.5543e-15,9.1038e-17,2.8381e-30,1.5543e-09,2.2678e-09,
5746,131.8811,4.2866e-15,1.3323e-15,5.7732e-17,1.3004e-30,1.3323e-09,1.501e-09,
5747,131.9026,4.0592e-15,2.3315e-15,1.4655e-16,7.6117e-30,2.3315e-09,3.6964e-09,
5748,131.926,5.3586e-15,5.5511e-16,3.4417e-17,3.6708e-31,5.5511e-10,8.2777e-10,
5749,131.9475,4.5622e-15,1.2212e-15,6.1062e-17,1.3809e-30,1.2212e-09,1.5642e-09,
5750,131.9697,2.546e-15,1.3323e-15,6.4393e-17,1.5042e-30,1.3323e-09,1.6355e-09,
5751,131.9915,3.641e-15,3.1086e-15,1.6875e-16,1.0031e-29,3.1086e-09,4.2461e-09,
5752,132.0145,6.3205e-15,8.8818e-16,4.4964e-17,7.2608e-31,8.8818e-10,1.0921e-09,
5753,132.0362,5.8344e-15,1.9984e-15,1.0103e-16,3.6947e-30,1.9984e-09,2.5327e-09,
5754,132.0584,4.0705e-15,1.6653e-15,1.0325e-16,3.516e-30,1.6653e-09,2.5165e-09,
5755,132.0807,5.1344e-15,1.7764e-15,8.4377e-17,2.6901e-30,1.7764e-09,2.1713e-09,
5756,132.1031,4.913e-15,1.3323e-15,8.3267e-17,2.2788e-30,1.3323e-09,2.0475e-09,
5757,132.1254,4.3784e-15,1.7764e-15,8.3822e-17,2.7552e-30,1.7764e-09,2.1695e-09,
5758,132.1478,4.3657e-15,1.3323e-15,8.4377e-17,2.2279e-30,1.3323e-09,2.0307e-09,
5759,132.1702,4.3846e-15,1.7764e-15,8.7708e-17,2.949e-30,1.7764e-09,2.2529e-09,
5760,132.1926,4.3871e-15,1.5543e-15,8.1046e-17,2.3485e-30,1.5543e-09,2.0406e-09,
5761,132.2152,4.6795e-15,1.5543e-15,8.9928e-17,2.8153e-30,1.5543e-09,2.2429e-09,
5762,132.2376,4.3672e-15,1.4433e-15,6.1062e-17,1.5053e-30,1.4433e-09,1.6074e-09,
5763,132.2592,4.1969e-15,2.4425e-15,1.6098e-16,8.8269e-30,2.4425e-09,4.0251e-09,
5764,132.2823,5.7833e-15,6.6613e-16,3.2196e-17,3.5283e-31,6.6613e-10,7.9045e-10,
5765,132.3031,5.0692e-15,2.8866e-15,1.7431e-16,9.9301e-30,2.8866e-09,4.259e-09,
5766,132.3261,5.5887e-15,7.7716e-16,5.3846e-17,9.7105e-31,7.7716e-10,1.3448e-09,
5767,132.348,5.433e-15,2.3315e-15,9.992e-17,3.915e-30,2.3315e-09,2.5916e-09,
5768,132.3701,4.4089e-15,1.6653e-15,1.0547e-16,3.5437e-30,1.6653e-09,2.5869e-09,
5769,132.3931,5.7453e-15,2.3315e-15,9.6589e-17,3.917e-30,2.3315e-09,2.5783e-09,
5770,132.416,5.7474e-15,1.6653e-15,1.0991e-16,3.9982e-30,1.6653e-09,2.7184e-09,
5771,132.4383,5.8449e-15,2.1094e-15,1.0381e-16,4.1142e-30,2.1094e-09,2.6641e-09,
5772,132.461,5.3572e-15,1.6653e-15,9.2149e-17,2.9186e-30,1.6653e-09,2.3154e-09,
5773,132.4834,5.3137e-15,1.8874e-15,9.6589e-17,3.4405e-30,1.8874e-09,2.4678e-09,
5774,132.5056,5.0608e-15,1.6653e-15,8.5487e-17,2.5191e-30,1.6653e-09,2.1212e-09,
5775,132.5281,5.0404e-15,1.4433e-15,8.9928e-17,2.7795e-30,1.4433e-09,2.2283e-09,
5776,132.5503,4.4136e-15,1.1102e-15,6.6613e-17,1.4055e-30,1.1102e-09,1.6281e-09,
5777,132.5727,3.5844e-15,1.1102e-15,5.8287e-17,1.2114e-30,1.1102e-09,1.4701e-09,
5778,132.5941,3.1824e-15,1.9984e-15,1.1324e-16,4.3973e-30,1.9984e-09,2.7511e-09,
5779,132.6165,4.7861e-15,2.2204e-15,1.2046e-16,5.1588e-30,2.2204e-09,3.0395e-09,
5780,132.6395,5.9932e-15,8.8818e-16,3.1086e-17,4.8533e-31,8.8818e-10,8.843e-10,
5781,132.6605,4.5309e-15,2.609e-15,1.6154e-16,8.3096e-30,2.609e-09,3.9246e-09,
5782,132.6834,4.997e-15,5.5511e-16,3.5527e-17,4.4682e-31,5.5511e-10,9.0836e-10,
5783,132.7051,4.4627e-15,1.9984e-15,7.7716e-17,2.6135e-30,1.9984e-09,2.103e-09,
5784,132.7277,3.4761e-15,1.5543e-15,1.0048e-16,3.2421e-30,1.5543e-09,2.4825e-09,
5785,132.7502,4.7875e-15,1.7764e-15,7.2164e-17,2.179e-30,1.7764e-09,1.9293e-09,
5786,132.7724,4.5221e-15,1.3323e-15,8.4377e-17,2.2264e-30,1.3323e-09,2.0527e-09,
5787,132.7949,4.399e-15,1.5543e-15,8.6042e-17,2.424e-30,1.5543e-09,2.1174e-09,
5788,132.817,4.0243e-15,1.4433e-15,7.4385e-17,1.8042e-30,1.4433e-09,1.7969e-09,
5789,132.8391,4.2233e-15,3.1086e-15,1.8541e-16,1.1345e-29,3.1086e-09,4.4905e-09,
5790,132.8621,6.6233e-15,1.2212e-15,5.6621e-17,1.2311e-30,1.2212e-09,1.4679e-09,
5791,132.8841,6.2607e-15,2.9976e-15,1.5321e-16,8.3327e-30,2.9976e-09,3.8004e-09,
5792,132.9072,5.8364e-15,9.992e-16,4.885e-17,8.4741e-31,9.992e-10,1.2136e-09,
5793,132.9288,5.6873e-15,2.2204e-15,1.2934e-16,5.5409e-30,2.2204e-09,3.1238e-09,
5794,132.9519,4.6882e-15,6.6613e-16,3.1086e-17,3.3126e-31,6.6613e-10,7.7087e-10,
5795,132.9728,4.4357e-15,2.9976e-15,1.7542e-16,1.0023e-29,2.9976e-09,4.1646e-09,
5796,132.9964,5.7149e-15,9.992e-16,4.4409e-17,7.7653e-31,9.992e-10,1.1609e-09,
5797,133.0184,5.9616e-15,2.1094e-15,1.2046e-16,4.8876e-30,2.1094e-09,2.9713e-09,
5798,133.0417,4.4886e-15,6.6613e-16,2.5535e-17,2.8966e-31,6.6613e-10,6.7782e-10,
5799,133.0626,4.2632e-15,1.8319e-15,1.1435e-16,3.989e-30,1.8319e-09,2.6757e-09,
5800,133.0871,3.6857e-15,3.8858e-16,1.9984e-17,1.5716e-31,3.8858e-10,5.3415e-10,
5801,133.1112,3.345e-15,2.1094e-15,7.9936e-17,2.8689e-30,2.1094e-09,2.1763e-09,
5802,133.1343,3.5125e-15,1.5543e-15,9.9365e-17,3.1589e-30,1.5543e-09,2.4786e-09,
5803,133.1574,4.9564e-15,1.8874e-15,8.4377e-17,2.8446e-30,1.8874e-09,2.198e-09,
5804,133.1806,4.5183e-15,1.3323e-15,7.6605e-17,2.0896e-30,1.3323e-09,1.8891e-09,
5805,133.2043,4.596e-15,1.5543e-15,8.2712e-17,2.4086e-30,1.5543e-09,2.0624e-09,
5806,133.2271,4.1215e-15,1.1102e-15,5.8842e-17,1.2052e-30,1.1102e-09,1.474e-09,
5807,133.2488,3.7445e-15,2.7756e-15,1.3545e-16,6.9179e-30,2.7756e-09,3.4192e-09,
5808,133.2722,5.4482e-15,6.6613e-16,4.4409e-17,6.475e-31,6.6613e-10,1.0624e-09,
5809,133.2939,4.8224e-15,1.7764e-15,8.9928e-17,2.7394e-30,1.7764e-09,2.2287e-09,
5810,133.3177,3.3671e-15,1.3323e-15,8.2157e-17,2.0877e-30,1.3323e-09,1.9855e-09,
5811,133.3402,4.2693e-15,1.8874e-15,7.7716e-17,2.5176e-30,1.8874e-09,2.0605e-09,
5812,133.3637,4.4061e-15,1.3878e-15,8.9928e-17,2.6166e-30,1.3878e-09,2.1987e-09,
5813,133.3864,4.5057e-15,1.9984e-15,8.1046e-17,2.7306e-30,1.9984e-09,2.1353e-09,
5814,133.4091,4.7151e-15,1.3878e-15,9.0483e-17,2.672e-30,1.3878e-09,2.2211e-09,
5815,133.4329,4.7682e-15,1.8874e-15,7.6605e-17,2.4744e-30,1.8874e-09,2.0102e-09,
5816,133.4558,4.5421e-15,1.3878e-15,8.9928e-17,2.6778e-30,1.3878e-09,2.2066e-09,
5817,133.4783,4.4661e-15,1.8874e-15,8.4377e-17,2.7198e-30,1.8874e-09,2.1422e-09,
5818,133.5012,4.4533e-15,1.8874e-15,9.1038e-17,2.9428e-30,1.8874e-09,2.2563e-09,
5819,133.5238,5.338e-15,1.9984e-15,1.1102e-16,4.3068e-30,1.9984e-09,2.76e-09,
5820,133.5477,5.4136e-15,1.7764e-15,8.4377e-17,2.6119e-30,1.7764e-09,2.1255e-09,
5821,133.5703,5.1837e-15,1.4433e-15,9.1038e-17,2.7995e-30,1.4433e-09,2.2912e-09,
5822,133.5939,4.4413e-15,1.4433e-15,5.1625e-17,1.2669e-30,1.4433e-09,1.4432e-09,
5823,133.6162,4.0892e-15,2.0539e-15,1.2157e-16,4.6781e-30,2.0539e-09,2.9414e-09,
5824,133.6407,4.4057e-15,4.4409e-16,2.7756e-17,2.6809e-31,4.4409e-10,6.6935e-10,
5825,133.6627,3.4303e-15,2.7756e-15,1.3989e-16,6.7331e-30,2.7756e-09,3.3776e-09,
5826,133.6865,4.7651e-15,7.2164e-16,4.5519e-17,6.059e-31,7.2164e-10,1.0862e-09,
5827,133.7084,4.6281e-15,1.5543e-15,6.1062e-17,1.5642e-30,1.5543e-09,1.6355e-09,
5828,133.7306,2.9536e-15,2.6645e-15,1.793e-16,9.5576e-30,2.6645e-09,4.2629e-09,
5829,133.754,6.4929e-15,9.992e-16,4.6629e-17,8.0427e-31,9.992e-10,1.1881e-09,
5830,133.777,5.7838e-15,1.6098e-15,1.1657e-16,3.9597e-30,1.6098e-09,2.759e-09,
5831,133.7995,4.1834e-15,2.3315e-15,1.0103e-16,3.932e-30,2.3315e-09,2.6246e-09,
5832,133.8227,5.6125e-15,1.6098e-15,1.1213e-16,3.8442e-30,1.6098e-09,2.6857e-09,
5833,133.8452,5.5845e-15,2.1094e-15,9.5479e-17,3.4193e-30,2.1094e-09,2.4611e-09,
5834,133.868,5.3533e-15,1.3323e-15,9.5479e-17,2.7148e-30,1.3323e-09,2.2538e-09,
5835,133.8916,4.9231e-15,1.8874e-15,7.1054e-17,2.2576e-30,1.8874e-09,1.9537e-09,
5836,133.9139,4.7082e-15,3.1086e-15,2.0761e-16,1.3187e-29,3.1086e-09,5.0034e-09,
5837,133.9374,7.6387e-15,1.3323e-15,6.6058e-17,1.6752e-30,1.3323e-09,1.6939e-09,
5838,133.9602,6.8093e-15,1.1102e-15,5.7732e-17,1.1186e-30,1.1102e-09,1.4609e-09,
5839,133.982,3.4331e-15,2.7756e-15,1.3767e-16,6.9179e-30,2.7756e-09,3.4721e-09,
5840,134.0068,5.4348e-15,7.7716e-16,4.1078e-17,5.3194e-31,7.7716e-10,9.9604e-10,
5841,134.0299,5.0705e-15,1.8874e-15,1.0159e-16,3.4085e-30,1.8874e-09,2.4549e-09,
5842,134.0563,3.8276e-15,1.7764e-15,8.7708e-17,2.7136e-30,1.7764e-09,2.159e-09,
5843,134.0795,5.1599e-15,1.8874e-15,1.0991e-16,3.9535e-30,1.8874e-09,2.6751e-09,
5844,134.1034,5.1245e-15,1.7764e-15,6.7724e-17,2.0199e-30,1.7764e-09,1.8353e-09,
5845,134.1264,5.1834e-15,2.6645e-15,1.7542e-16,9.8195e-30,2.6645e-09,4.2144e-09,
5846,134.1507,6.3725e-15,6.6613e-16,2.7756e-17,2.989e-31,6.6613e-10,7.3098e-10,
5847,134.1722,5.3559e-15,2.4425e-15,1.5765e-16,8.1817e-30,2.4425e-09,3.8588e-09,
5848,134.1958,5.0515e-15,3.3307e-16,2.276e-17,1.4367e-31,3.3307e-10,5.4675e-10,
5849,134.2172,4.7203e-15,1.9984e-15,9.1038e-17,3.3511e-30,1.9984e-09,2.3173e-09,
5850,134.241,3.5073e-15,1.4433e-15,1.0103e-16,3.0588e-30,1.4433e-09,2.397e-09,
5851,134.2652,4.9796e-15,1.6653e-15,8.7708e-17,2.7025e-30,1.6653e-09,2.175e-09,
5852,134.29,4.4866e-15,1.5543e-15,8.5487e-17,2.3589e-30,1.5543e-09,2.0656e-09,
5853,134.313,4.5505e-15,1.7764e-15,8.7708e-17,2.6424e-30,1.7764e-09,2.2352e-09,
5854,134.3358,4.5177e-15,1.5543e-15,8.1046e-17,2.2325e-30,1.5543e-09,1.999e-09,
5855,134.3598,4.479e-15,1.7764e-15,8.7708e-17,2.6362e-30,1.7764e-09,2.2238e-09,
5856,134.3826,4.4726e-15,1.5543e-15,8.5487e-17,2.5237e-30,1.5543e-09,2.1557e-09,
5857,134.4057,4.57e-15,1.5543e-15,8.4377e-17,2.5303e-30,1.5543e-09,2.1508e-09,
5858,134.4291,4.3526e-15,9.992e-16,6.1617e-17,1.1544e-30,9.992e-10,1.4822e-09,
5859,134.4508,3.5501e-15,2.5535e-15,1.2546e-16,5.7408e-30,2.5535e-09,3.2048e-09,
5860,134.4755,5.0068e-15,4.996e-16,3.4417e-17,3.6207e-31,4.996e-10,8.2615e-10,
5861,134.4974,4.3686e-15,1.5543e-15,6.6613e-17,1.7907e-30,1.5543e-09,1.7772e-09,
5862,134.5207,2.713e-15,1.1102e-15,7.5495e-17,1.7707e-30,1.1102e-09,1.8089e-09,
5863,134.5458,3.7366e-15,1.5543e-15,7.4385e-17,2.0045e-30,1.5543e-09,1.9176e-09,
5864,134.5693,3.7047e-15,1.3323e-15,6.2172e-17,1.4098e-30,1.3323e-09,1.5885e-09,
5865,134.5925,3.9768e-15,2.8866e-15,1.6986e-16,1.004e-29,2.8866e-09,4.2149e-09,
5866,134.6163,6.0984e-15,6.6613e-16,3.5527e-17,4.5606e-31,6.6613e-10,9.0325e-10,
5867,134.6382,5.3969e-15,1.9984e-15,9.1593e-17,3.1312e-30,1.9984e-09,2.3016e-09,
5868,134.661,3.7478e-15,1.5543e-15,9.992e-17,3.3342e-30,1.5543e-09,2.4831e-09,
5869,134.6839,5.1292e-15,2.1094e-15,9.1038e-17,3.2525e-30,2.1094e-09,2.383e-09,
5870,134.7075,5.2376e-15,1.5543e-15,9.992e-17,3.1786e-30,1.5543e-09,2.4553e-09,
5871,134.7322,5.1807e-15,1.8874e-15,9.3259e-17,3.2282e-30,1.8874e-09,2.3652e-09,
5872,134.755,4.8311e-15,1.3323e-15,8.7153e-17,2.3531e-30,1.3323e-09,2.0895e-09,
5873,134.7782,4.4588e-15,1.4433e-15,6.3283e-17,1.5612e-30,1.4433e-09,1.6417e-09,
5874,134.8002,4.0228e-15,2.4425e-15,1.6542e-16,8.4313e-30,2.4425e-09,3.9698e-09,
5875,134.8246,6.1964e-15,8.8818e-16,5.7732e-17,1.0878e-30,8.8818e-10,1.4175e-09,
5876,134.8484,5.4471e-15,8.8818e-16,2.8866e-17,4.4065e-31,8.8818e-10,8.5392e-10,
5877,134.8696,2.6387e-15,1.9984e-15,1.0103e-16,3.7783e-30,1.9984e-09,2.7006e-09,
5878,134.8928,3.1933e-15,3.3307e-16,1.6653e-17,1.248e-31,3.3307e-10,4.6931e-10,
5879,134.913,2.7988e-15,3.6637e-15,1.8541e-16,1.2161e-29,3.6637e-09,4.6004e-09,
5880,134.9377,6.2117e-15,7.7716e-16,5.1625e-17,8.7091e-31,7.7716e-10,1.2723e-09,
5881,134.9595,6.5351e-15,2.4425e-15,9.4369e-17,4.0213e-30,2.4425e-09,2.5795e-09,
5882,134.982,4.5451e-15,1.9429e-15,1.2268e-16,4.903e-30,1.9429e-09,3.023e-09,
5883,135.0054,5.7547e-15,7.7716e-16,2.7756e-17,3.8557e-31,7.7716e-10,7.8443e-10,
5884,135.0267,4.2768e-15,2.609e-15,1.7042e-16,9.8365e-30,2.609e-09,4.2239e-09,
5885,135.0513,6.0691e-15,1.1102e-15,6.9944e-17,1.6135e-30,1.1102e-09,1.7272e-09,
5886,135.0739,5.7662e-15,8.8818e-16,5.107e-17,8.5974e-31,8.8818e-10,1.2494e-09,
5887,135.0957,2.9077e-15,2.3315e-15,1.1435e-16,4.8549e-30,2.3315e-09,2.9235e-09,
5888,135.1182,4.504e-15,1.8874e-15,1.0325e-16,3.5206e-30,1.8874e-09,2.5203e-09,
5889,135.1413,5.7835e-15,1.9984e-15,1.0325e-16,3.9458e-30,1.9984e-09,2.6461e-09,
5890,135.165,5.298e-15,1.6653e-15,8.4377e-17,2.553e-30,1.6653e-09,2.1041e-09,
5891,135.1877,5.0421e-15,1.5543e-15,9.5479e-17,3.1123e-30,1.5543e-09,2.3845e-09,
5892,135.2108,4.4008e-15,1.2212e-15,6.4393e-17,1.3605e-30,1.2212e-09,1.5829e-09,
5893,135.2328,3.8605e-15,2.8866e-15,1.5876e-16,9.0442e-30,2.8866e-09,4.001e-09,
5894,135.256,5.898e-15,8.8818e-16,4.9405e-17,8.0465e-31,8.8818e-10,1.2084e-09,
5895,135.2789,5.5202e-15,2.3315e-15,1.1657e-16,4.8164e-30,2.3315e-09,2.9395e-09,
5896,135.3012,4.5325e-15,1.9984e-15,1.0769e-16,3.8303e-30,1.9984e-09,2.6537e-09,
5897,135.3239,5.9814e-15,2.1094e-15,1.1935e-16,4.8738e-30,2.1094e-09,2.9871e-09,
5898,135.3472,5.7238e-15,4.4409e-16,2.9976e-17,2.9313e-31,4.4409e-10,7.1831e-10,
5899,135.369,3.8439e-15,2.7756e-15,1.2046e-16,5.8568e-30,2.7756e-09,3.1794e-09,
5900,135.3953,4.5699e-15,2.1094e-15,1.3545e-16,5.7085e-30,2.1094e-09,3.2784e-09,
5901,135.4221,6.9509e-15,8.8818e-16,4.3299e-17,6.7215e-31,8.8818e-10,1.0862e-09,
5902,135.4443,4.8845e-15,1.6653e-15,9.992e-17,3.1724e-30,1.6653e-09,2.3855e-09,
5903,135.4675,3.9149e-15,1.8874e-15,9.4369e-17,3.1173e-30,1.8874e-09,2.3721e-09,
5904,135.4906,4.9711e-15,1.5543e-15,8.7153e-17,2.4764e-30,1.5543e-09,2.1193e-09,
5905,135.514,4.7766e-15,1.8874e-15,9.6589e-17,3.3295e-30,1.8874e-09,2.4321e-09,
5906,135.5369,4.7199e-15,1.5543e-15,8.1046e-17,2.179e-30,1.5543e-09,1.9817e-09,
5907,135.5603,4.7578e-15,1.5543e-15,8.8263e-17,2.6166e-30,1.5543e-09,2.1982e-09,
5908,135.5829,4.2718e-15,1.4433e-15,6.1062e-17,1.4225e-30,1.4433e-09,1.5867e-09,
5909,135.6052,4.1522e-15,2.4425e-15,1.5099e-16,7.7931e-30,2.4425e-09,3.7982e-09,
5910,135.6289,5.5074e-15,5.5511e-16,2.3315e-17,2.4074e-31,5.5511e-10,6.0868e-10,
5911,135.65,4.7016e-15,1.9984e-15,1.2546e-16,5.1511e-30,1.9984e-09,3.0759e-09,
5912,135.6735,3.9942e-15,6.6613e-16,3.3307e-17,4.0984e-31,6.6613e-10,8.5297e-10,
5913,135.6952,4.0476e-15,1.5543e-15,8.8818e-17,2.8138e-30,1.5543e-09,2.2476e-09,
5914,135.7182,3.2383e-15,1.4433e-15,5.7732e-17,1.4082e-30,1.4433e-09,1.5459e-09,
5915,135.74,4.2142e-15,2.387e-15,1.5266e-16,7.7996e-30,2.387e-09,3.7869e-09,
5916,135.7636,5.5568e-15,6.6613e-16,2.6645e-17,2.9274e-31,6.6613e-10,7.0862e-10,
5917,135.7847,4.847e-15,2.2204e-15,1.41e-16,6.983e-30,2.2204e-09,3.5628e-09,
5918,135.8079,4.5712e-15,6.6613e-16,3.2752e-17,3.9327e-31,6.6613e-10,8.1287e-10,
5919,135.8296,4.4688e-15,3.3307e-15,1.7764e-16,1.109e-29,3.3307e-09,4.4535e-09,
5920,135.8538,5.993e-15,7.7716e-16,4.5519e-17,6.3979e-31,7.7716e-10,1.0863e-09,
5921,135.8763,6.1064e-15,1.9984e-15,9.5479e-17,3.3804e-30,1.9984e-09,2.4369e-09,
5922,135.899,3.9651e-15,1.5543e-15,8.9928e-17,2.6039e-30,1.5543e-09,2.2026e-09,
5923,135.922,4.9709e-15,1.7764e-15,9.6589e-17,3.3238e-30,1.7764e-09,2.4367e-09,
5924,135.9448,4.6116e-15,1.7764e-15,8.9373e-17,2.8338e-30,1.7764e-09,2.2438e-09,
5925,135.9684,4.819e-15,1.6653e-15,9.1038e-17,2.9798e-30,1.6653e-09,2.3097e-09,
5926,135.9917,4.7461e-15,1.3323e-15,5.6621e-17,1.2834e-30,1.3323e-09,1.4841e-09,
5927,136.0135,4.2053e-15,2.5535e-15,1.5987e-16,8.6112e-30,2.5535e-09,3.9147e-09,
5928,136.0372,5.8226e-15,6.6613e-16,2.4425e-17,2.6501e-31,6.6613e-10,6.7051e-10,
5929,136.0583,5.3347e-15,2.1649e-15,1.1435e-16,4.3033e-30,2.1649e-09,2.8866e-09,
5930,136.0818,3.3739e-15,3.3307e-16,1.1657e-17,6.9719e-32,3.3307e-10,2.9912e-10,
5931,136.1013,3.4126e-15,3.6082e-15,1.5876e-16,9.2926e-30,3.6082e-09,3.8704e-09,
5932,136.1248,6.3505e-15,7.7716e-16,3.5527e-17,5.6276e-31,7.7716e-10,9.6757e-10,
5933,136.146,6.3548e-15,3.0531e-15,1.6986e-16,9.585e-30,3.0531e-09,4.2247e-09,
5934,136.1694,5.9442e-15,1.1102e-15,5.5511e-17,1.1078e-30,1.1102e-09,1.3785e-09,
5935,136.1914,5.9566e-15,1.9984e-15,1.2101e-16,4.7582e-30,1.9984e-09,2.9202e-09,
5936,136.2143,4.7348e-15,2.6645e-15,1.199e-16,5.4808e-30,2.6645e-09,3.082e-09,
5937,136.2371,6.5654e-15,2.2204e-15,1.3323e-16,5.6703e-30,2.2204e-09,3.2311e-09,
5938,136.2597,6.8163e-15,2.7756e-15,1.3545e-16,6.7623e-30,2.7756e-09,3.4254e-09,
5939,136.2832,6.9886e-15,6.6613e-16,2.9421e-17,3.1007e-31,6.6613e-10,7.3399e-10,
5940,136.3043,5.089e-15,2.387e-15,1.5765e-16,7.8505e-30,2.387e-09,3.8408e-09,
5941,136.3277,4.7557e-15,4.4409e-16,2.1649e-17,1.6679e-31,4.4409e-10,5.4482e-10,
5942,136.3495,4.5579e-15,2.1094e-15,1.0991e-16,4.2848e-30,2.1094e-09,2.7633e-09,
5943,136.3721,3.8336e-15,1.6653e-15,8.9928e-17,2.6119e-30,1.6653e-09,2.1757e-09,
5944,136.3953,5.2656e-15,1.7764e-15,9.7145e-17,3.2051e-30,1.7764e-09,2.376e-09,
5945,136.4183,4.8377e-15,1.2212e-15,7.8826e-17,1.8289e-30,1.2212e-09,1.8353e-09,
5946,136.4406,4.3198e-15,1.5543e-15,7.3275e-17,2.0569e-30,1.5543e-09,1.8725e-09,
5947,136.4632,3.9648e-15,1.1102e-15,7.3275e-17,1.6783e-30,1.1102e-09,1.7891e-09,
5948,136.4859,3.712e-15,1.6653e-15,7.8271e-17,2.33e-30,1.6653e-09,1.9985e-09,
5949,136.5088,3.9187e-15,1.2212e-15,8.1601e-17,2.1436e-30,1.2212e-09,1.9655e-09,
5950,136.5317,4.1208e-15,1.3323e-15,6.3283e-17,1.441e-30,1.3323e-09,1.6152e-09,
5951,136.5548,3.7198e-15,2.2204e-15,1.2657e-16,5.1738e-30,2.2204e-09,3.0671e-09,
5952,136.5775,5.3138e-15,2.5535e-15,1.2268e-16,5.5964e-30,2.5535e-09,3.1307e-09,
5953,136.6001,6.7859e-15,2.2204e-15,1.1657e-16,4.6735e-30,2.2204e-09,2.89e-09,
5954,136.6226,6.6553e-15,2.3315e-15,1.2879e-16,5.8086e-30,2.3315e-09,3.2286e-09,
5955,136.6458,6.2581e-15,4.996e-16,3.4972e-17,3.7325e-31,4.996e-10,8.4031e-10,
5956,136.667,4.1212e-15,1.6653e-15,6.4393e-17,1.783e-30,1.6653e-09,1.723e-09,
5957,136.6893,3.038e-15,3.0531e-15,1.9429e-16,1.1534e-29,3.0531e-09,4.6687e-09,
5958,136.7128,6.82e-15,1.3323e-15,5.218e-17,1.191e-30,1.3323e-09,1.4156e-09,
5959,136.7354,6.4588e-15,2.2204e-15,1.4322e-16,6.4973e-30,2.2204e-09,3.5018e-09,
5960,136.7591,5.3382e-15,1.2212e-15,4.9405e-17,1.0157e-30,1.2212e-09,1.3019e-09,
5961,136.7811,5.268e-15,1.8874e-15,1.1546e-16,4.4115e-30,1.8874e-09,2.8738e-09,
5962,136.8039,4.7689e-15,2.5535e-15,1.1879e-16,5.2154e-30,2.5535e-09,3.0398e-09,
5963,136.8266,6.1731e-15,1.9984e-15,1.1324e-16,4.3638e-30,1.9984e-09,2.8149e-09,
5964,136.8494,6.3131e-15,2.3315e-15,1.199e-16,5.2189e-30,2.3315e-09,3.0617e-09,
5965,136.8747,6.0426e-15,5.5511e-16,3.8303e-17,4.1485e-31,5.5511e-10,9.1989e-10,
5966,136.897,3.9738e-15,1.7764e-15,5.8842e-17,1.8277e-30,1.7764e-09,1.7343e-09,
5967,136.9189,3.0556e-15,3.2196e-15,1.8763e-16,1.1329e-29,3.2196e-09,4.679e-09,
5968,136.9427,6.676e-15,1.1102e-15,2.6645e-17,6.2554e-31,1.1102e-09,9.9039e-10,
5969,136.9641,6.5083e-15,3.0531e-15,1.5765e-16,9.9378e-30,3.0531e-09,4.4262e-09,
5970,136.9877,5.4166e-15,2.2204e-16,1.6653e-17,8.6282e-32,2.2204e-10,3.7217e-10,
5971,137.0085,5.3826e-15,1.2212e-15,7.3275e-17,1.6239e-30,1.2212e-09,1.7133e-09,
5972,137.0312,2.4651e-15,1.2212e-15,5.218e-17,9.9994e-31,1.2212e-09,1.3147e-09,
5973,137.0528,3.6731e-15,1.9984e-15,1.3711e-16,5.8136e-30,1.9984e-09,3.3053e-09,
5974,137.0759,4.6522e-15,4.4409e-16,2.4425e-17,2.003e-31,4.4409e-10,5.9226e-10,
5975,137.0971,3.817e-15,2.3315e-15,1.1657e-16,4.7316e-30,2.3315e-09,2.8393e-09,
5976,137.1194,4.0037e-15,2.2204e-15,1.1324e-16,4.4528e-30,2.2204e-09,2.7888e-09,
5977,137.1429,6.3495e-15,2.6645e-15,1.3545e-16,6.4496e-30,2.6645e-09,3.3398e-09,
5978,137.1664,6.749e-15,6.1062e-16,4.2188e-17,5.5968e-31,6.1062e-10,1.0343e-09,
5979,137.1879,4.6335e-15,1.5543e-15,7.5495e-17,2.0665e-30,1.5543e-09,1.9237e-09,
5980,137.21,3.0861e-15,1.2212e-15,7.4385e-17,1.8474e-30,1.2212e-09,1.8416e-09,
5981,137.2333,3.8948e-15,1.5543e-15,7.2164e-17,1.9198e-30,1.5543e-09,1.8531e-09,
5982,137.2556,3.8943e-15,1.3323e-15,6.7168e-17,1.6228e-30,1.3323e-09,1.6959e-09,
5983,137.2771,4.0849e-15,3.1086e-15,1.6154e-16,9.3881e-30,3.1086e-09,4.0721e-09,
5984,137.3004,6.241e-15,7.7716e-16,3.5527e-17,4.8726e-31,7.7716e-10,9.1443e-10,
5985,137.322,5.7414e-15,1.6653e-15,9.77e-17,3.1651e-30,1.6653e-09,2.3817e-09,
5986,137.3452,3.6576e-15,1.4433e-15,7.3275e-17,1.892e-30,1.4433e-09,1.818e-09,
5987,137.368,4.4295e-15,1.5543e-15,7.4385e-17,2.1466e-30,1.5543e-09,1.9033e-09,
5988,137.3904,4.1902e-15,1.2212e-15,6.4948e-17,1.4394e-30,1.2212e-09,1.6278e-09,
5989,137.4118,3.8458e-15,3.1086e-15,1.5543e-16,8.7345e-30,3.1086e-09,3.9306e-09,
5990,137.4352,6.0988e-15,7.7716e-16,4.6074e-17,6.9064e-31,7.7716e-10,1.1231e-09,
5991,137.4567,5.5647e-15,2.2204e-15,1.0103e-16,3.9659e-30,2.2204e-09,2.6455e-09,
5992,137.4792,4.207e-15,1.7764e-15,9.881e-17,3.3373e-30,1.7764e-09,2.4304e-09,
5993,137.5018,5.5502e-15,1.9984e-15,1.1269e-16,4.5548e-30,1.9984e-09,2.8639e-09,
5994,137.525,5.2676e-15,5.5511e-16,3.6637e-17,4.083e-31,5.5511e-10,8.8759e-10,
5995,137.5462,3.5249e-15,1.4433e-15,3.9968e-17,1.0955e-30,1.4433e-09,1.3372e-09,
5996,137.5673,2.6231e-15,1.5543e-15,8.2712e-17,2.1405e-30,1.5543e-09,1.6187e-09,
5997,137.5897,3.6636e-15,7.7716e-16,5.6066e-17,8.8939e-31,7.7716e-10,1.0859e-09,
5998,137.6112,5.3212e-15,1.4433e-15,7.7716e-17,2.2233e-30,1.4433e-09,1.5245e-09,
5999,137.6324,5.5419e-15,9.4924e-15,3.9302e-16,6.3061e-29,9.4924e-09,8.4608e-09,
6000,137.6575,1.8724e-14,3.3862e-15,9.881e-17,6.0848e-30,3.3862e-09,2.2641e-09,
6001,137.682,1.3436e-14,9.881e-15,4.1245e-16,6.6547e-29,9.881e-09,8.8353e-09,
6002,137.7074,2.4558e-14,3.7192e-15,1.1768e-16,7.6933e-30,3.7192e-09,2.7024e-09,
6003,137.73,1.4004e-14,3.4417e-15,2.0983e-16,1.299e-29,3.4417e-09,4.8061e-09,
6004,137.7534,1.1796e-14,2.2204e-16,1.1102e-17,4.5067e-32,2.2204e-10,2.6892e-10,
6005,137.7731,5.9873e-15,2.3315e-15,1.0825e-16,4.128e-30,2.3315e-09,2.084e-09,
6006,137.7952,4.485e-15,1.4988e-15,1.0991e-16,3.1913e-30,1.4988e-09,2.2219e-09,
6007,137.8178,8.0716e-15,7.2164e-16,3.3307e-17,4.9805e-31,7.2164e-10,6.8167e-10,
6008,137.838,5.1842e-15,5.3846e-15,2.931e-16,3.1428e-29,5.3846e-09,6.707e-09,
6009,137.862,1.4598e-14,2.1649e-15,6.4393e-17,2.5052e-30,2.1649e-09,1.4488e-09,
6010,137.8833,9.2268e-15,4.3854e-15,2.659e-16,2.2622e-29,4.3854e-09,6.2903e-09,
6011,137.9078,1.1543e-14,9.992e-16,2.7756e-17,5.3926e-31,9.992e-10,6.3551e-10,
6012,137.9278,7.4088e-15,7.0499e-15,3.9913e-16,5.0651e-29,7.0499e-09,9.5429e-09,
6013,137.9517,1.1851e-14,4.996e-16,1.9984e-17,1.7564e-31,4.996e-10,4.575e-10,
6014,137.9718,1.1436e-14,4.4964e-15,2.2982e-16,1.9187e-29,4.4964e-09,5.0418e-09,
6015,137.9949,1.1049e-14,4.4409e-16,3.3307e-17,3.2202e-31,4.4409e-10,6.2934e-10,
6016,138.0154,9.2242e-15,1.8874e-15,1.1657e-16,4.4558e-30,1.8874e-09,2.2607e-09,
6017,138.0382,6.0739e-15,1.7208e-15,1.1324e-16,3.5826e-30,1.7208e-09,2.4247e-09,
6018,138.0614,7.5029e-15,3.3307e-16,9.992e-18,6.4711e-32,3.3307e-10,3.1489e-10,
6019,138.0803,3.6888e-15,8.8818e-16,4.4409e-17,6.4442e-31,8.8818e-10,8.2334e-10,
6020,138.1015,1.9429e-15,3.4417e-15,2.3204e-16,1.4662e-29,3.4417e-09,4.3635e-09,
6021,138.1243,1.014e-14,7.7716e-16,4.1078e-17,5.5968e-31,7.7716e-10,1.0116e-09,
6022,138.146,8.1333e-15,1.3878e-15,9.6589e-17,2.7491e-30,1.3878e-09,2.2598e-09,
6023,138.1686,3.6459e-15,1.2212e-15,7.1054e-17,1.4822e-30,1.2212e-09,1.6355e-09,
6024,138.19,4.0191e-15,2.8866e-15,1.7153e-16,9.1524e-30,2.8866e-09,4.1113e-09,
6025,138.2131,6.1894e-15,7.7716e-16,4.885e-17,7.9233e-31,7.7716e-10,1.2311e-09,
6026,138.2348,5.4823e-15,2.2204e-15,9.5479e-17,3.6577e-30,2.2204e-09,2.4946e-09,
6027,138.2573,4.0835e-15,1.6098e-15,1.0325e-16,3.4717e-30,1.6098e-09,2.5444e-09,
6028,138.2794,5.1621e-15,1.9984e-15,8.3267e-17,2.8415e-30,1.9984e-09,2.2051e-09,
6029,138.3026,4.9406e-15,1.5543e-15,1.0214e-16,3.3049e-30,1.5543e-09,2.5072e-09,
6030,138.3251,4.9813e-15,2.2204e-15,9.2149e-17,3.5117e-30,2.2204e-09,2.4687e-09,
6031,138.3472,5.3159e-15,1.7764e-15,1.0214e-16,3.593e-30,1.7764e-09,2.5037e-09,
6032,138.37,5.7126e-15,2.2204e-15,1.0436e-16,4.0695e-30,2.2204e-09,2.6729e-09,
6033,138.3922,5.5429e-15,1.7764e-15,9.1038e-17,2.8277e-30,1.7764e-09,2.2508e-09,
6034,138.4144,5.5756e-15,1.5543e-15,1.0603e-16,3.5256e-30,1.5543e-09,2.6189e-09,
6035,138.437,4.704e-15,1.5543e-15,5.9952e-17,1.498e-30,1.5543e-09,1.6015e-09,
6036,138.4584,4.4561e-15,2.3315e-15,1.3767e-16,6.3741e-30,2.3315e-09,3.4597e-09,
6037,138.4816,4.7561e-15,2.2204e-16,1.5543e-17,7.8963e-32,2.2204e-10,3.7961e-10,
6038,138.5031,3.7367e-15,1.5543e-15,6.9389e-17,1.7676e-30,1.5543e-09,1.7711e-09,
6039,138.5257,2.4969e-15,9.992e-16,6.8834e-17,1.4036e-30,9.992e-10,1.6457e-09,
6040,138.5481,3.5805e-15,1.1102e-15,7.1054e-17,1.7518e-30,1.1102e-09,1.7594e-09,
6041,138.571,3.1549e-15,1.1102e-15,5.8842e-17,1.1602e-30,1.1102e-09,1.4444e-09,
6042,138.5929,3.2618e-15,2.9976e-15,1.4322e-16,7.6764e-30,2.9976e-09,3.6688e-09,
6043,138.6165,5.73e-15,8.8818e-16,4.885e-17,7.5843e-31,8.8818e-10,1.1766e-09,
6044,138.6381,5.5095e-15,1.9984e-15,1.0547e-16,3.8245e-30,1.9984e-09,2.6362e-09,
6045,138.6606,4.0717e-15,1.5543e-15,8.2157e-17,2.2341e-30,1.5543e-09,2.001e-09,
6046,138.6837,5.0803e-15,1.5543e-15,9.2149e-17,2.9505e-30,1.5543e-09,2.3066e-09,
6047,138.7067,4.4019e-15,1.6653e-15,5.8842e-17,1.6567e-30,1.6653e-09,1.6622e-09,
6048,138.7281,4.4987e-15,2.1649e-15,1.4433e-16,6.4927e-30,2.1649e-09,3.4754e-09,
6049,138.7517,5.101e-15,4.4409e-16,1.8319e-17,1.4213e-31,4.4409e-10,4.6324e-10,
6050,138.7715,4.1729e-15,3.2752e-15,2.1649e-16,1.4295e-29,3.2752e-09,5.1405e-09,
6051,138.7956,6.2745e-15,7.7716e-16,2.3315e-17,3.2047e-31,7.7716e-10,7.2812e-10,
6052,138.8164,6.6028e-15,1.3878e-15,4.1078e-17,1.0234e-30,1.3878e-09,1.3305e-09,
6053,138.8392,1.909e-15,6.1062e-16,2.276e-17,2.8542e-31,6.1062e-10,6.9656e-10,
6054,138.8599,2.0611e-15,1.9984e-15,6.9944e-17,2.3373e-30,1.9984e-09,1.9725e-09,
6055,138.884,3.0002e-15,6.1062e-16,2.3315e-17,2.1455e-31,6.1062e-10,6.7067e-10,
6056,138.905,2.7375e-15,1.8319e-15,7.383e-17,2.4933e-30,1.8319e-09,2.0483e-09,
6057,138.9281,3.0252e-15,1.3878e-15,6.8279e-17,1.4564e-30,1.3878e-09,1.6976e-09,
6058,138.9495,3.6911e-15,2.1094e-15,8.3267e-17,3.3438e-30,2.1094e-09,2.3998e-09,
6059,138.9724,4.4767e-15,1.6653e-15,1.088e-16,3.5237e-30,1.6653e-09,2.6198e-09,
6060,138.9948,5.373e-15,2.1094e-15,8.7153e-17,3.1635e-30,2.1094e-09,2.3246e-09,
6061,139.0175,5.0289e-15,1.7764e-15,9.881e-17,3.3634e-30,1.7764e-09,2.4654e-09,
6062,139.0401,5.5365e-15,1.9984e-15,8.9928e-17,3.0753e-30,1.9984e-09,2.3162e-09,
6063,139.0626,5.3126e-15,1.4433e-15,8.6597e-17,2.4991e-30,1.4433e-09,2.1382e-09,
6064,139.0849,4.8125e-15,1.7764e-15,8.7708e-17,2.8889e-30,1.7764e-09,2.2544e-09,
6065,139.1075,4.5501e-15,1.4433e-15,6.8834e-17,1.6983e-30,1.4433e-09,1.7479e-09,
6066,139.13,4.5408e-15,1.3323e-15,8.1046e-17,2.2083e-30,1.3323e-09,2.0311e-09,
6067,139.1527,3.7975e-15,9.992e-16,5.1625e-17,9.2483e-31,9.992e-10,1.2406e-09,
6068,139.1743,3.2136e-15,2.4425e-15,1.3267e-16,6.1156e-30,2.4425e-09,3.3099e-09,
6069,139.1977,4.9302e-15,6.6613e-16,3.6637e-17,4.2679e-31,6.6613e-10,8.7822e-10,
6070,139.2195,4.5774e-15,1.7764e-15,9.992e-17,3.3604e-30,1.7764e-09,2.4374e-09,
6071,139.2422,3.5389e-15,1.6653e-15,7.9936e-17,2.2063e-30,1.6653e-09,1.9766e-09,
6072,139.2646,4.8054e-15,1.4433e-15,8.8818e-17,2.6258e-30,1.4433e-09,2.1973e-09,
6073,139.2874,4.3059e-15,9.992e-16,5.5511e-17,9.9262e-31,9.992e-10,1.334e-09,
6074,139.3089,3.5168e-15,2.3315e-15,1.3101e-16,5.918e-30,2.3315e-09,3.2425e-09,
6075,139.3324,4.8727e-15,7.7716e-16,3.9968e-17,6.3787e-31,7.7716e-10,1.0149e-09,
6076,139.3538,4.5009e-15,1.8874e-15,1.0103e-16,3.5884e-30,1.8874e-09,2.5139e-09,
6077,139.3768,3.7859e-15,1.3323e-15,7.6605e-17,1.9787e-30,1.3323e-09,1.8891e-09,
6078,139.3989,4.5655e-15,1.3323e-15,8.3267e-17,2.4009e-30,1.3323e-09,2.0729e-09,
6079,139.4217,3.7499e-15,9.992e-16,4.774e-17,7.8308e-31,9.992e-10,1.163e-09,
6080,139.443,3.347e-15,2.2204e-15,1.299e-16,5.6176e-30,2.2204e-09,3.1674e-09,
6081,139.4674,4.7318e-15,5.5511e-16,3.4972e-17,3.7633e-31,5.5511e-10,8.4385e-10,
6082,139.4894,4.0464e-15,1.4433e-15,5.4956e-17,1.2854e-30,1.4433e-09,1.4775e-09,
6083,139.5117,2.8248e-15,2.609e-15,1.6487e-16,8.0384e-30,2.609e-09,3.9631e-09,
6084,139.535,5.8255e-15,8.8818e-16,4.6629e-17,8.2738e-31,8.8818e-10,1.1864e-09,
6085,139.5573,4.9046e-15,1.7764e-15,7.8826e-17,2.3496e-30,1.7764e-09,2.0219e-09,
6086,139.5797,3.7683e-15,1.5543e-15,1.0325e-16,3.6258e-30,1.5543e-09,2.5729e-09,
6087,139.6026,4.6545e-15,1.3323e-15,5.107e-17,1.077e-30,1.3323e-09,1.3646e-09,
6088,139.6242,4.2232e-15,1.9429e-15,1.199e-16,4.5024e-30,1.9429e-09,2.9451e-09,
6089,139.6483,4.1978e-15,2.2204e-16,1.3323e-17,5.8548e-32,2.2204e-10,3.2561e-10,
6090,139.6684,3.3629e-15,2.5535e-15,1.2546e-16,5.5394e-30,2.5535e-09,3.1084e-09,
6091,139.6914,4.2961e-15,2.1094e-15,1.199e-16,4.6242e-30,2.1094e-09,2.854e-09,
6092,139.7138,6.6187e-15,2.5535e-15,1.2546e-16,5.7674e-30,2.5535e-09,3.1841e-09,
6093,139.7369,6.4925e-15,2.3315e-15,1.2546e-16,5.2e-30,2.3315e-09,3.0619e-09,
6094,139.7591,6.7392e-15,2.7756e-15,1.4544e-16,7.5835e-30,2.7756e-09,3.6514e-09,
6095,139.783,7.0561e-15,5.5511e-16,3.8303e-17,4.1485e-31,5.5511e-10,9.0668e-10,
6096,139.8048,4.9636e-15,1.8874e-15,7.4385e-17,2.3808e-30,1.8874e-09,2.0097e-09,
6097,139.8279,3.477e-15,1.5543e-15,9.3259e-17,2.8226e-30,1.5543e-09,2.3277e-09,
6098,139.8501,4.4167e-15,1.7764e-15,6.3283e-17,1.9336e-30,1.7764e-09,1.7825e-09,
6099,139.8723,4.365e-15,3.0531e-15,1.9096e-16,1.1943e-29,3.0531e-09,4.7571e-09,
6100,139.8969,7.161e-15,1.4433e-15,5.218e-17,1.2915e-30,1.4433e-09,1.4493e-09,
6101,139.9217,6.8077e-15,2.387e-15,1.4988e-16,7.3863e-30,2.387e-09,3.747e-09,
6102,139.9456,5.9479e-15,7.7716e-16,5.107e-17,8.659e-31,7.7716e-10,1.2554e-09,
6103,139.9687,5.0048e-15,8.8818e-16,3.3862e-17,4.9959e-31,8.8818e-10,9.0762e-10,
6104,139.9898,2.3562e-15,2.6645e-15,1.8319e-16,1.0479e-29,2.6645e-09,4.3243e-09,
6105,140.0139,5.9263e-15,6.6613e-16,3.2752e-17,2.731e-31,6.6613e-10,8.0001e-10,
6106,140.0348,5.5308e-15,2.9976e-15,1.793e-16,1.0536e-29,2.9976e-09,4.4089e-09,
6107,140.0592,5.6688e-15,7.7716e-16,3.7748e-17,4.7802e-31,7.7716e-10,9.2528e-10,
6108,140.0804,5.7584e-15,3.4417e-15,2.0317e-16,1.4055e-29,3.4417e-09,5.0264e-09,
6109,140.1041,6.5976e-15,8.8818e-16,5.1625e-17,8.6936e-31,8.8818e-10,1.2742e-09,
6110,140.1257,6.6276e-15,2.4425e-15,1.2268e-16,5.4978e-30,2.4425e-09,3.0724e-09,
6111,140.1487,4.7022e-15,1.9984e-15,1.0103e-16,3.4898e-30,1.9984e-09,2.4956e-09,
6112,140.1711,6.0969e-15,1.8874e-15,1.1546e-16,4.5729e-30,1.8874e-09,2.8889e-09,
6113,140.1948,5.3703e-15,6.1062e-16,3.9968e-17,5.2077e-31,6.1062e-10,9.8932e-10,
6114,140.2165,3.6705e-15,1.7764e-15,7.383e-17,2.2807e-30,1.7764e-09,1.9531e-09,
6115,140.2394,3.2984e-15,1.2768e-15,8.5487e-17,2.4005e-30,1.2768e-09,2.0909e-09,
6116,140.2617,4.3878e-15,1.6653e-15,7.0499e-17,1.9818e-30,1.6653e-09,1.8638e-09,
6117,140.2854,4.1554e-15,1.1102e-15,6.8834e-17,1.5253e-30,1.1102e-09,1.6204e-09,
6118,140.3076,3.8907e-15,1.3323e-15,7.494e-17,1.9032e-30,1.3323e-09,1.8541e-09,
6119,140.3307,3.3843e-15,1.3323e-15,5.9952e-17,1.325e-30,1.3323e-09,1.5211e-09,
6120,140.3521,3.5628e-15,2.5535e-15,1.5821e-16,8.5746e-30,2.5535e-09,3.9583e-09,
6121,140.376,5.6781e-15,6.6613e-16,3.8858e-17,4.7609e-31,6.6613e-10,9.3237e-10,
6122,140.3977,4.9902e-15,1.8874e-15,8.5487e-17,2.8411e-30,1.8874e-09,2.2021e-09,
6123,140.4206,3.5382e-15,1.2212e-15,8.2157e-17,2.0773e-30,1.2212e-09,1.9728e-09,
6124,140.443,4.3863e-15,1.7764e-15,7.3275e-17,2.2664e-30,1.7764e-09,1.9485e-09,
6125,140.4661,4.224e-15,1.4433e-15,9.4369e-17,2.8088e-30,1.4433e-09,2.2937e-09,
6126,140.489,4.4786e-15,1.8874e-15,7.3275e-17,2.3358e-30,1.8874e-09,1.9902e-09,
6127,140.5119,4.7765e-15,2.9421e-15,2.0095e-16,1.2426e-29,2.9421e-09,4.8254e-09,
6128,140.5355,7.7765e-15,1.5543e-15,7.5495e-17,2.1093e-30,1.5543e-09,1.945e-09,
6129,140.5583,7.1353e-15,1.2212e-15,7.1054e-17,1.6917e-30,1.2212e-09,1.7555e-09,
6130,140.5807,3.8488e-15,1.7764e-15,7.383e-17,2.1882e-30,1.7764e-09,1.9386e-09,
6131,140.6035,4.1542e-15,1.2212e-15,7.4385e-17,1.9028e-30,1.2212e-09,1.814e-09,
6132,140.626,4.2086e-15,1.5543e-15,6.5503e-17,1.7164e-30,1.5543e-09,1.7366e-09,
6133,140.6491,3.9395e-15,2.4425e-15,1.6931e-16,8.8936e-30,2.4425e-09,4.0752e-09,
6134,140.6723,6.3999e-15,9.992e-16,4.996e-17,8.7206e-31,9.992e-10,1.2691e-09,
6135,140.6942,5.8352e-15,1.7764e-15,1.0214e-16,3.4189e-30,1.7764e-09,2.4699e-09,
6136,140.7166,4.1645e-15,2.1094e-15,1.0214e-16,3.8738e-30,2.1094e-09,2.612e-09,
6137,140.7396,5.4187e-15,1.3323e-15,8.9928e-17,2.4128e-30,1.3323e-09,2.1495e-09,
6138,140.7618,4.8604e-15,1.8874e-15,7.9936e-17,2.6674e-30,1.8874e-09,2.1353e-09,
6139,140.7848,4.6048e-15,1.4988e-15,9.2149e-17,2.6994e-30,1.4988e-09,2.2378e-09,
6140,140.8071,4.287e-15,1.4433e-15,6.2172e-17,1.4884e-30,1.4433e-09,1.6052e-09,
6141,140.8294,3.892e-15,2.387e-15,1.5987e-16,7.5943e-30,2.387e-09,3.8156e-09,
6142,140.853,5.9844e-15,9.992e-16,4.996e-17,8.9825e-31,9.992e-10,1.2493e-09,
6143,140.8754,5.3201e-15,1.7764e-15,9.6589e-17,3.2895e-30,1.7764e-09,2.3849e-09,
6144,140.8977,4.0605e-15,2.2204e-15,1.0603e-16,4.2082e-30,2.2204e-09,2.7027e-09,
6145,140.9211,5.5363e-15,1.6653e-15,9.8255e-17,3.1296e-30,1.6653e-09,2.4206e-09,
6146,140.9434,5.4788e-15,2.1094e-15,9.1038e-17,3.3573e-30,2.1094e-09,2.3816e-09,
6147,140.9664,5.3225e-15,1.3878e-15,9.2149e-17,2.5715e-30,1.3878e-09,2.2103e-09,
6148,140.9889,4.5624e-15,1.7764e-15,7.383e-17,2.3038e-30,1.7764e-09,1.9664e-09,
6149,141.0117,4.2166e-15,1.4433e-15,9.4369e-17,2.7922e-30,1.4433e-09,2.2937e-09,
6150,141.0342,4.4622e-15,1.7764e-15,7.7716e-17,2.3716e-30,1.7764e-09,2.0225e-09,
6151,141.0572,4.4859e-15,1.3323e-15,7.7716e-17,1.9198e-30,1.3323e-09,1.8711e-09,
6152,141.0796,4.3831e-15,1.6653e-15,8.6042e-17,2.5904e-30,1.6653e-09,2.1711e-09,
6153,141.1026,4.12e-15,1.1102e-15,7.4385e-17,1.6428e-30,1.1102e-09,1.7533e-09,
6154,141.1247,3.8515e-15,1.6653e-15,7.6605e-17,2.231e-30,1.6653e-09,1.9562e-09,
6155,141.1475,3.9168e-15,1.1102e-15,7.6605e-17,1.7383e-30,1.1102e-09,1.791e-09,
6156,141.1697,3.9609e-15,1.6653e-15,7.3275e-17,2.1278e-30,1.6653e-09,1.8984e-09,
6157,141.1927,3.9397e-15,1.2768e-15,8.6597e-17,2.2402e-30,1.2768e-09,2.0568e-09,
6158,141.2152,4.0018e-15,1.5543e-15,5.7732e-17,1.6671e-30,1.5543e-09,1.5867e-09,
6159,141.2383,4.1526e-15,2.5535e-15,1.6098e-16,8.0011e-30,2.5535e-09,3.9041e-09,
6160,141.2616,6.0251e-15,9.992e-16,4.2744e-17,7.6151e-31,9.992e-10,1.1408e-09,
6161,141.283,5.2663e-15,1.7764e-15,1.0325e-16,3.6889e-30,1.7764e-09,2.5553e-09,
6162,141.3052,4.2741e-15,2.1094e-15,1.0325e-16,3.9786e-30,2.1094e-09,2.6465e-09,
6163,141.3275,5.4762e-15,1.7764e-15,9.3259e-17,2.9632e-30,1.7764e-09,2.3012e-09,
6164,141.35,5.4752e-15,1.7764e-15,8.6597e-17,2.7799e-30,1.7764e-09,2.2114e-09,
6165,141.3722,5.0234e-15,1.1102e-15,7.1054e-17,1.6274e-30,1.1102e-09,1.7282e-09,
6166,141.3945,4.0634e-15,1.3323e-15,5.9952e-17,1.3605e-30,1.3323e-09,1.5607e-09,
6167,141.417,3.597e-15,1.1102e-15,7.2164e-17,1.5438e-30,1.1102e-09,1.7593e-09,
6168,141.4392,3.0324e-15,1.3323e-15,4.2188e-17,1.0184e-30,1.3323e-09,1.279e-09,
6169,141.4609,3.1727e-15,2.4425e-15,1.3489e-16,5.9061e-30,2.4425e-09,3.4269e-09,
6170,141.4839,4.6552e-15,4.4409e-16,1.4433e-17,1.1556e-31,4.4409e-10,4.3906e-10,
6171,141.504,4.1734e-15,3.2196e-15,2.0262e-16,1.2899e-29,3.2196e-09,4.9994e-09,
6172,141.5273,6.2109e-15,1.1102e-15,4.0523e-17,7.5843e-31,1.1102e-09,1.1136e-09,
6173,141.5491,6.3066e-15,1.8874e-15,1.1435e-16,4.4651e-30,1.8874e-09,2.876e-09,
6174,141.5722,4.3696e-15,8.8818e-16,3.3307e-17,4.9612e-31,8.8818e-10,9.006e-10,
6175,141.5929,4.1908e-15,2.8311e-15,1.8208e-16,1.1221e-29,2.8311e-09,4.5401e-09,
6176,141.6162,6.5907e-15,1.2212e-15,6.3283e-17,1.3898e-30,1.2212e-09,1.598e-09,
6177,141.6387,6.536e-15,1.1102e-15,5.5511e-17,1.0862e-30,1.1102e-09,1.3691e-09,
6178,141.6603,3.3045e-15,2.3315e-15,1.2879e-16,5.6283e-30,2.3315e-09,3.2067e-09,
6179,141.6832,4.8771e-15,4.4409e-16,2.3315e-17,2.1301e-31,4.4409e-10,5.6289e-10,
6180,141.704,4.2395e-15,2.3315e-15,1.2601e-16,5.6118e-30,2.3315e-09,3.1681e-09,
6181,141.727,4.2383e-15,6.6613e-16,4.2188e-17,5.0883e-31,6.6613e-10,1.0328e-09,
6182,141.7486,3.9342e-15,1.3323e-15,5.6066e-17,1.1914e-30,1.3323e-09,1.4327e-09,
6183,141.77,2.5905e-15,2.3315e-15,1.5099e-16,6.5855e-30,2.3315e-09,3.5342e-09,
6184,141.7931,5.4455e-15,9.992e-16,4.2188e-17,7.1491e-31,9.992e-10,1.0927e-09,
6185,141.8149,4.8252e-15,1.7208e-15,1.088e-16,3.9385e-30,1.7208e-09,2.6798e-09,
6186,141.838,4.1789e-15,2.2204e-15,8.2712e-17,3.1512e-30,2.2204e-09,2.3137e-09,
6187,141.8606,5.4985e-15,1.8874e-15,1.1824e-16,4.4131e-30,1.8874e-09,2.927e-09,
6188,141.8836,5.4503e-15,6.6613e-16,3.2752e-17,3.8865e-31,6.6613e-10,8.0771e-10,
6189,141.906,3.833e-15,1.2212e-15,8.3267e-17,2.1308e-30,1.2212e-09,1.9935e-09,
6190,141.9281,3.0559e-15,1.6653e-15,7.5495e-17,2.1848e-30,1.6653e-09,1.9468e-09,
6191,141.9515,4.0824e-15,1.2212e-15,7.9936e-17,1.9725e-30,1.2212e-09,1.9185e-09,
6192,141.974,3.9696e-15,1.4433e-15,6.1062e-17,1.5115e-30,1.4433e-09,1.6109e-09,
6193,141.9962,3.7848e-15,2.3315e-15,1.5543e-16,7.7083e-30,2.3315e-09,3.758e-09,
6194,142.0194,6.0314e-15,1.1102e-15,5.7732e-17,1.2172e-30,1.1102e-09,1.4697e-09,
6195,142.0423,5.526e-15,8.3267e-16,5.218e-17,8.4741e-31,8.3267e-10,1.288e-09,
6196,142.064,2.6623e-15,2.2204e-15,7.8826e-17,3.0969e-30,2.2204e-09,2.2508e-09,
6197,142.0872,4.1979e-15,1.6098e-15,1.0436e-16,3.3311e-30,1.6098e-09,2.559e-09,
6198,142.1096,5.3679e-15,2.3315e-15,9.1038e-17,3.7194e-30,2.3315e-09,2.4713e-09,
6199,142.1325,5.3409e-15,1.7208e-15,1.1324e-16,4.0679e-30,1.7208e-09,2.7674e-09,
6200,142.1563,5.4437e-15,1.8874e-15,7.2164e-17,2.3543e-30,1.8874e-09,1.972e-09,
6201,142.1824,5.0903e-15,1.2768e-15,8.7708e-17,2.3608e-30,1.2768e-09,2.1215e-09,
6202,142.2055,4.4462e-15,1.5543e-15,5.4401e-17,1.4718e-30,1.5543e-09,1.5647e-09,
6203,142.2281,4.1617e-15,2.5535e-15,1.6598e-16,8.741e-30,2.5535e-09,4.0573e-09,
6204,142.2516,6.3999e-15,1.1102e-15,4.5519e-17,8.9209e-31,1.1102e-09,1.2315e-09,
6205,142.274,5.7812e-15,1.5543e-15,1.0492e-16,3.4671e-30,1.5543e-09,2.5395e-09,
6206,142.2965,4.2284e-15,2.3315e-15,1.0214e-16,4.2186e-30,2.3315e-09,2.695e-09,
6207,142.3198,5.4451e-15,1.5543e-15,1.0214e-16,3.3265e-30,1.5543e-09,2.5204e-09,
6208,142.3425,5.2987e-15,2.2204e-15,9.4369e-17,3.5822e-30,2.2204e-09,2.4827e-09,
6209,142.3655,5.1897e-15,1.7764e-15,1.0436e-16,3.6161e-30,1.7764e-09,2.5466e-09,
6210,142.3881,5.6395e-15,2.2204e-15,9.8255e-17,3.8276e-30,2.2204e-09,2.5729e-09,
6211,142.4113,5.619e-15,1.5543e-15,1.0658e-16,3.4451e-30,1.5543e-09,2.5337e-09,
6212,142.4348,5.2918e-15,2.2204e-15,1.0658e-16,4.2031e-30,2.2204e-09,2.7177e-09,
6213,142.4578,5.2594e-15,1.6653e-15,1.0714e-16,3.5395e-30,1.6653e-09,2.532e-09,
6214,142.4809,5.4387e-15,2.3315e-15,9.881e-17,3.9027e-30,2.3315e-09,2.5933e-09,
6215,142.5037,5.592e-15,1.6653e-15,1.0769e-16,3.6238e-30,1.6653e-09,2.564e-09,
6216,142.5264,5.5839e-15,1.9984e-15,1.1768e-16,4.6765e-30,1.9984e-09,2.9196e-09,
6217,142.5493,5.2067e-15,1.3323e-15,8.3822e-17,2.0804e-30,1.3323e-09,1.9791e-09,
6218,142.5719,4.8068e-15,1.7764e-15,8.8818e-17,2.7826e-30,1.7764e-09,2.2202e-09,
6219,142.5949,4.4587e-15,1.3323e-15,7.8826e-17,1.9768e-30,1.3323e-09,1.9011e-09,
6220,142.6176,4.3943e-15,1.7764e-15,8.2712e-17,2.5888e-30,1.7764e-09,2.1245e-09,
6221,142.6409,4.3604e-15,1.3323e-15,7.383e-17,1.8061e-30,1.3323e-09,1.8071e-09,
6222,142.6636,4.4061e-15,1.5543e-15,6.7168e-17,1.8447e-30,1.5543e-09,1.7624e-09,
6223,142.6868,4.1231e-15,1.1102e-15,7.4385e-17,1.6844e-30,1.1102e-09,1.8079e-09,
6224,142.7094,3.7524e-15,1.7764e-15,6.0507e-17,1.8678e-30,1.7764e-09,1.7457e-09,
6225,142.7318,4.0629e-15,3.1641e-15,1.9373e-16,1.2724e-29,3.1641e-09,4.9262e-09,
6226,142.7549,7.1866e-15,9.992e-16,4.4409e-17,7.6421e-31,9.992e-10,1.1389e-09,
6227,142.7778,6.4109e-15,1.5543e-15,9.1593e-17,2.7999e-30,1.5543e-09,2.2489e-09,
6228,142.8002,3.8376e-15,2.1094e-15,1.0103e-16,3.7394e-30,2.1094e-09,2.5298e-09,
6229,142.8234,5.1379e-15,1.5543e-15,8.2157e-17,2.3731e-30,1.5543e-09,2.0649e-09,
6230,142.8458,5.1286e-15,1.4433e-15,9.2149e-17,2.8103e-30,1.4433e-09,2.2177e-09,
6231,142.8692,4.2198e-15,1.2212e-15,5.1625e-17,1.0774e-30,1.2212e-09,1.3592e-09,
6232,142.8911,3.8278e-15,2.276e-15,1.5099e-16,7.3509e-30,2.276e-09,3.6919e-09,
6233,142.915,5.2195e-15,4.4409e-16,2.2204e-17,1.741e-31,4.4409e-10,5.3333e-10,
6234,142.9361,4.5111e-15,1.9984e-15,1.2879e-16,5.3156e-30,1.9984e-09,3.1306e-09,
6235,142.9598,4.0325e-15,5.5511e-16,2.6645e-17,2.4652e-31,5.5511e-10,6.5935e-10,
6236,142.9809,4.1284e-15,2.4425e-15,1.4211e-16,6.9549e-30,2.4425e-09,3.5469e-09,
6237,143.0057,4.6359e-15,5.5511e-16,2.8311e-17,2.5615e-31,5.5511e-10,6.7467e-10,
6238,143.0268,4.6757e-15,2.4425e-15,1.4766e-16,7.146e-30,2.4425e-09,3.583e-09,
6239,143.0507,4.7692e-15,7.7716e-16,3.6637e-17,5.0267e-31,7.7716e-10,9.3698e-10,
6240,143.0726,4.8595e-15,1.6653e-15,8.7153e-17,2.7198e-30,1.6653e-09,2.2006e-09,
6241,143.0957,3.4695e-15,1.1102e-15,7.4385e-17,1.6193e-30,1.1102e-09,1.7319e-09,
6242,143.1184,3.8671e-15,1.4433e-15,6.6058e-17,1.6413e-30,1.4433e-09,1.6929e-09,
6243,143.1413,3.6201e-15,1.3323e-15,7.8826e-17,2.0014e-30,1.3323e-09,1.9144e-09,
6244,143.1639,3.987e-15,1.7764e-15,6.9944e-17,2.1062e-30,1.7764e-09,1.8879e-09,
6245,143.1874,4.4207e-15,1.4988e-15,9.992e-17,3.1092e-30,1.4988e-09,2.4215e-09,
6246,143.21,4.5787e-15,1.7764e-15,6.7724e-17,2.0261e-30,1.7764e-09,1.8458e-09,
6247,143.2324,4.5964e-15,2.9421e-15,1.8874e-16,1.136e-29,2.9421e-09,4.6171e-09,
6248,143.2557,7.0142e-15,1.2212e-15,5.9397e-17,1.2669e-30,1.2212e-09,1.5143e-09,
6249,143.279,6.3322e-15,8.8818e-16,5.3291e-17,8.9979e-31,8.8818e-10,1.2838e-09,
6250,143.3006,2.9997e-15,2.4425e-15,1.0658e-16,4.5514e-30,2.4425e-09,2.8016e-09,
6251,143.3238,4.6175e-15,1.7208e-15,1.138e-16,3.863e-30,1.7208e-09,2.7543e-09,
6252,143.3464,5.6355e-15,2.1094e-15,9.1593e-17,3.3469e-30,2.1094e-09,2.401e-09,
6253,143.3695,5.2307e-15,1.3323e-15,9.2149e-17,2.6547e-30,1.3323e-09,2.2265e-09,
6254,143.393,4.8679e-15,1.5543e-15,6.3283e-17,1.5088e-30,1.5543e-09,1.7072e-09,
6255,143.4153,4.1915e-15,2.6645e-15,1.7042e-16,9.4405e-30,2.6645e-09,4.1755e-09,
6256,143.4385,6.6145e-15,9.992e-16,6.0507e-17,1.2253e-30,9.992e-10,1.525e-09,
6257,143.462,5.9386e-15,8.8818e-16,3.6637e-17,5.4388e-31,8.8818e-10,9.6554e-10,
6258,143.4831,2.73e-15,3.0531e-15,1.9318e-16,1.2243e-29,3.0531e-09,4.8025e-09,
6259,143.5071,6.0767e-15,6.6613e-16,3.3307e-17,3.6053e-31,6.6613e-10,7.9999e-10,
6260,143.528,5.8973e-15,2.8866e-15,1.8208e-16,1.0394e-29,2.8866e-09,4.4035e-09,
6261,143.5519,5.7632e-15,7.7716e-16,3.3862e-17,4.4566e-31,7.7716e-10,8.7878e-10,
6262,143.5742,5.8546e-15,1.5543e-15,7.9936e-17,2.3466e-30,1.5543e-09,2.0034e-09,
6263,143.5977,3.4059e-15,1.3323e-15,5.9952e-17,1.3589e-30,1.3323e-09,1.5272e-09,
6264,143.6197,4.0681e-15,2.3315e-15,1.5765e-16,7.8258e-30,2.3315e-09,3.7984e-09,
6265,143.6433,5.4991e-15,5.5511e-16,3.1641e-17,3.2394e-31,5.5511e-10,7.6823e-10,
6266,143.6652,4.6799e-15,1.4433e-15,8.4932e-17,2.3778e-30,1.4433e-09,2.0805e-09,
6267,143.6885,2.9062e-15,1.2212e-15,6.5503e-17,1.3389e-30,1.2212e-09,1.5496e-09,
6268,143.7104,3.6625e-15,2.5535e-15,1.6764e-16,8.6944e-30,2.5535e-09,4.0076e-09,
6269,143.7342,5.6681e-15,4.4409e-16,3.1086e-17,3.4667e-31,4.4409e-10,7.7268e-10,
6270,143.756,4.8946e-15,1.7764e-15,6.6613e-17,1.9741e-30,1.7764e-09,1.8252e-09,
6271,143.7781,3.0653e-15,2.72e-15,1.7875e-16,1.0586e-29,2.72e-09,4.433e-09,
6272,143.8018,7.2115e-15,1.1102e-15,5.8842e-17,1.2588e-30,1.1102e-09,1.4972e-09,
6273,143.8248,6.2949e-15,8.8818e-16,4.774e-17,7.8116e-31,8.8818e-10,1.1859e-09,
6274,143.8467,2.754e-15,2.4425e-15,1.1158e-16,4.6904e-30,2.4425e-09,2.8606e-09,
6275,143.8696,4.6037e-15,1.9984e-15,9.6589e-17,3.4651e-30,1.9984e-09,2.4701e-09,
6276,143.8921,6.1719e-15,1.8874e-15,1.0769e-16,4.1199e-30,1.8874e-09,2.6879e-09,
6277,143.9155,5.3997e-15,1.8874e-15,8.6042e-17,2.7383e-30,1.8874e-09,2.1908e-09,
6278,143.9442,5.1989e-15,1.6098e-15,1.0769e-16,3.8996e-30,1.6098e-09,2.6902e-09,
6279,143.9687,4.7734e-15,2.2204e-16,1.4988e-17,6.2015e-32,2.2204e-10,3.2528e-10,
6280,143.99,3.2815e-15,2.3315e-15,1.6098e-16,7.1078e-30,2.3315e-09,3.6003e-09,
6281,144.0165,5.2013e-15,6.6613e-16,3.9413e-17,5.3194e-31,6.6613e-10,9.8466e-10,
6282,144.0393,5.157e-15,1.8874e-15,8.6597e-17,2.8442e-30,1.8874e-09,2.2035e-09,
6283,144.0638,3.5694e-15,1.5543e-15,7.8826e-17,2.2772e-30,1.5543e-09,1.9873e-09,
6284,144.0873,4.7989e-15,1.6653e-15,1.0103e-16,3.3419e-30,1.6653e-09,2.4408e-09,
6285,144.1106,4.5806e-15,1.2212e-15,5.8842e-17,1.325e-30,1.2212e-09,1.5028e-09,
6286,144.1325,4.137e-15,2.5535e-15,1.4211e-16,6.807e-30,2.5535e-09,3.4604e-09,
6287,144.1563,5.3865e-15,7.7716e-16,3.3307e-17,4.3757e-31,7.7716e-10,8.6615e-10,
6288,144.1773,4.9647e-15,2.8866e-15,1.8541e-16,1.14e-29,2.8866e-09,4.5501e-09,
6289,144.2021,5.8553e-15,7.7716e-16,2.6645e-17,3.6246e-31,7.7716e-10,7.7164e-10,
6290,144.2235,5.9513e-15,1.9984e-15,9.2149e-17,3.1266e-30,1.9984e-09,2.3836e-09,
6291,144.2472,3.0778e-15,4.4409e-16,1.7208e-17,1.3443e-31,4.4409e-10,5.0694e-10,
6292,144.2682,2.5153e-15,7.2164e-16,3.6082e-17,4.4874e-31,7.2164e-10,8.6725e-10,
6293,144.2895,1.6775e-15,1.3323e-15,6.5503e-17,1.7645e-30,1.3323e-09,1.7191e-09,
6294,144.3112,3.0128e-15,2.5535e-15,1.7819e-16,8.9706e-30,2.5535e-09,4.1212e-09,
6295,144.3353,6.51e-15,1.1102e-15,4.1078e-17,7.5959e-31,1.1102e-09,1.1052e-09,
6296,144.3573,5.6148e-15,1.8319e-15,1.1435e-16,4.4959e-30,1.8319e-09,2.8918e-09,
6297,144.3808,4.2939e-15,6.6613e-16,2.7756e-17,3.4205e-31,6.6613e-10,7.4763e-10,
6298,144.4026,3.8921e-15,1.0547e-15,6.9944e-17,1.4961e-30,1.0547e-09,1.6915e-09,
6299,144.4272,2.4982e-15,1.2212e-15,4.5519e-17,9.2753e-31,1.2212e-09,1.2655e-09,
6300,144.4531,3.1234e-15,2.1649e-15,1.36e-16,5.9322e-30,2.1649e-09,3.3469e-09,
6301,144.4842,5.0874e-15,7.7716e-16,4.2188e-17,6.3633e-31,7.7716e-10,1.0428e-09,
6302,144.5066,4.4052e-15,1.2212e-15,7.2164e-17,1.6193e-30,1.2212e-09,1.7134e-09,
6303,144.5306,2.9099e-15,1.3323e-15,7.9936e-17,1.9891e-30,1.3323e-09,1.9344e-09,
6304,144.554,3.6123e-15,1.2212e-15,5.7732e-17,1.1818e-30,1.2212e-09,1.4245e-09,
6305,144.5771,3.5369e-15,2.3315e-15,1.6098e-16,8.3339e-30,2.3315e-09,3.9363e-09,
6306,144.6013,5.3983e-15,7.7716e-16,3.1086e-17,3.8095e-31,7.7716e-10,7.8641e-10,
6307,144.6224,5.0818e-15,2.276e-15,1.571e-16,7.1772e-30,2.276e-09,3.6159e-09,
6308,144.6457,4.8234e-15,4.4409e-16,2.3315e-17,2.0492e-31,4.4409e-10,6.0546e-10,
6309,144.6665,4.4632e-15,2.3315e-15,1.1435e-16,4.6993e-30,2.3315e-09,2.8784e-09,
6310,144.6891,4.1358e-15,1.8874e-15,9.2149e-17,3.0264e-30,1.8874e-09,2.3311e-09,
6311,144.7117,5.9622e-15,1.7764e-15,9.992e-17,3.4405e-30,1.7764e-09,2.5278e-09,
6312,144.7349,5.0428e-15,1.5543e-15,7.3275e-17,2.0122e-30,1.5543e-09,1.877e-09,
6313,144.7574,4.6091e-15,1.5543e-15,8.5487e-17,2.6547e-30,1.5543e-09,2.1821e-09,
6314,144.7806,4.3557e-15,1.2212e-15,5.3291e-17,1.1093e-30,1.2212e-09,1.3824e-09,
6315,144.8024,3.9247e-15,2.3315e-15,1.41e-16,6.713e-30,2.3315e-09,3.4782e-09,
6316,144.8265,5.2653e-15,6.6613e-16,3.7748e-17,4.7147e-31,6.6613e-10,9.256e-10,
6317,144.8483,4.568e-15,1.8874e-15,7.7716e-17,2.4929e-30,1.8874e-09,2.0456e-09,
6318,144.8709,3.4847e-15,1.5543e-15,9.4369e-17,2.929e-30,1.5543e-09,2.3718e-09,
6319,144.8936,4.9074e-15,1.9984e-15,9.1038e-17,3.1863e-30,1.9984e-09,2.3402e-09,
6320,144.9163,5.0303e-15,1.5543e-15,9.8255e-17,3.1913e-30,1.5543e-09,2.4252e-09,
6321,144.9389,5.1159e-15,1.9984e-15,8.2712e-17,2.8369e-30,1.9984e-09,2.1886e-09,
6322,144.9614,5.1529e-15,1.3878e-15,8.9373e-17,2.518e-30,1.3878e-09,2.206e-09,
6323,144.9841,4.6819e-15,1.7764e-15,6.2172e-17,1.8766e-30,1.7764e-09,1.7704e-09,
6324,145.0059,4.5244e-15,2.9421e-15,1.8874e-16,1.116e-29,2.9421e-09,4.5816e-09,
6325,145.0291,6.9799e-15,9.992e-16,3.9968e-17,6.8101e-31,9.992e-10,1.0778e-09,
6326,145.0511,6.2071e-15,1.7208e-15,1.138e-16,4.1835e-30,1.7208e-09,2.804e-09,
6327,145.0734,4.2775e-15,2.2204e-15,8.2712e-17,3.0711e-30,2.2204e-09,2.288e-09,
6328,145.0961,5.5161e-15,1.6098e-15,9.992e-17,3.1219e-30,1.6098e-09,2.4141e-09,
6329,145.1187,4.9865e-15,1.7764e-15,6.2728e-17,2.0573e-30,1.7764e-09,1.7768e-09,
6330,145.1404,4.7188e-15,3.1641e-15,1.9651e-16,1.2092e-29,3.1641e-09,4.8441e-09,
6331,145.1637,7.2585e-15,1.1102e-15,4.996e-17,9.8299e-31,1.1102e-09,1.274e-09,
6332,145.1854,6.3461e-15,1.9984e-15,1.1102e-16,4.3345e-30,1.9984e-09,2.7558e-09,
6333,145.2087,4.8406e-15,2.3315e-15,1.0658e-16,4.2617e-30,2.3315e-09,2.6892e-09,
6334,145.2314,6.2142e-15,1.7764e-15,1.1102e-16,3.9277e-30,1.7764e-09,2.7375e-09,
6335,145.2538,5.841e-15,2.2204e-15,9.9365e-17,3.9786e-30,2.2204e-09,2.5689e-09,
6336,145.2764,5.6232e-15,1.5543e-15,9.5479e-17,3.0907e-30,1.5543e-09,2.3196e-09,
6337,145.2988,5.4029e-15,2.1094e-15,9.5479e-17,3.5976e-30,2.1094e-09,2.4765e-09,
6338,145.3216,5.2606e-15,1.6653e-15,9.8255e-17,3.1759e-30,1.6653e-09,2.4079e-09,
6339,145.3442,5.2085e-15,2.3315e-15,1.0658e-16,4.519e-30,2.3315e-09,2.7769e-09,
6340,145.3673,5.5169e-15,1.8874e-15,1.0436e-16,3.7132e-30,1.8874e-09,2.5885e-09,
6341,145.3911,5.9728e-15,2.1094e-15,1.1047e-16,4.4501e-30,2.1094e-09,2.812e-09,
6342,145.4139,5.6078e-15,1.8874e-15,8.9373e-17,2.9324e-30,1.8874e-09,2.2696e-09,
6343,145.4363,5.5717e-15,1.7764e-15,1.0381e-16,3.8014e-30,1.7764e-09,2.5873e-09,
6344,145.4589,5.1137e-15,1.3323e-15,6.3283e-17,1.5242e-30,1.3323e-09,1.6047e-09,
6345,145.4811,4.4383e-15,2.609e-15,1.6986e-16,9.7544e-30,2.609e-09,4.2416e-09,
6346,145.5047,5.8515e-15,7.7716e-16,3.4417e-17,4.4836e-31,7.7716e-10,8.8352e-10,
6347,145.5257,5.4273e-15,2.8866e-15,1.8319e-16,1.1713e-29,2.8866e-09,4.6055e-09,
6348,145.5491,6.007e-15,8.8818e-16,4.2188e-17,7.2299e-31,8.8818e-10,1.0865e-09,
6349,145.5715,6.0042e-15,2.2204e-15,1.1158e-16,4.544e-30,2.2204e-09,2.8223e-09,
6350,145.5983,4.3998e-15,1.8874e-15,8.8263e-17,2.8492e-30,1.8874e-09,2.2379e-09,
6351,145.6217,5.6115e-15,1.5543e-15,9.77e-17,3.2633e-30,1.5543e-09,2.4461e-09,
6352,145.646,4.7206e-15,1.3323e-15,5.9397e-17,1.367e-30,1.3323e-09,1.5386e-09,
6353,145.6676,4.0452e-15,2.7756e-15,1.6098e-16,8.6852e-30,2.7756e-09,3.9284e-09,
6354,145.6921,5.9357e-15,7.7716e-16,3.9968e-17,5.331e-31,7.7716e-10,9.768e-10,
6355,145.714,5.29e-15,1.9984e-15,1.1435e-16,4.3915e-30,1.9984e-09,2.8519e-09,
6356,145.7371,4.0336e-15,1.5543e-15,8.1046e-17,2.1925e-30,1.5543e-09,1.9817e-09,
6357,145.7598,4.9421e-15,1.5543e-15,7.9936e-17,2.3204e-30,1.5543e-09,2.031e-09,
6358,145.7827,4.3426e-15,1.3323e-15,6.6058e-17,1.4641e-30,1.3323e-09,1.6538e-09,
6359,145.8045,4.0576e-15,3.1086e-15,1.7542e-16,1.0952e-29,3.1086e-09,4.4339e-09,
6360,145.8277,6.4805e-15,7.7716e-16,4.4409e-17,6.5328e-31,7.7716e-10,1.0868e-09,
6361,145.8497,5.8753e-15,2.3315e-15,1.1768e-16,5.1881e-30,2.3315e-09,3.0237e-09,
6362,145.8724,4.4413e-15,1.8874e-15,1.0103e-16,3.4852e-30,1.8874e-09,2.4826e-09,
6363,145.8947,5.8111e-15,1.8874e-15,1.0769e-16,4.0079e-30,1.8874e-09,2.6949e-09,
6364,145.9175,5.2533e-15,1.5543e-15,7.7161e-17,2.0496e-30,1.5543e-09,1.9126e-09,
6365,145.9409,4.8035e-15,1.5543e-15,9.6034e-17,3.0357e-30,1.5543e-09,2.3616e-09,
6366,145.9642,4.3654e-15,1.3323e-15,6.9944e-17,1.6255e-30,1.3323e-09,1.7086e-09,
6367,145.9861,4.1256e-15,3.2196e-15,1.7875e-16,1.1145e-29,3.2196e-09,4.4817e-09,
6368,146.0097,6.6066e-15,8.8818e-16,4.996e-17,8.8785e-31,8.8818e-10,1.2622e-09,
6369,146.0312,6.1038e-15,2.3315e-15,1.0769e-16,4.3387e-30,2.3315e-09,2.7558e-09,
6370,146.0541,4.5684e-15,1.8874e-15,1.0547e-16,3.7563e-30,1.8874e-09,2.636e-09,
6371,146.0766,5.9078e-15,2.2204e-15,1.0436e-16,4.2097e-30,2.2204e-09,2.705e-09,
6372,146.0995,5.7176e-15,1.6653e-15,1.0325e-16,3.4651e-30,1.6653e-09,2.5245e-09,
6373,146.1219,5.4846e-15,2.1094e-15,9.5479e-17,3.4917e-30,2.1094e-09,2.464e-09,
6374,146.1446,5.3219e-15,1.4433e-15,9.4924e-17,2.7922e-30,1.4433e-09,2.304e-09,
6375,146.167,4.9189e-15,1.7764e-15,7.2164e-17,2.1848e-30,1.7764e-09,1.9126e-09,
